83991
26732
89485
99018
59338
88109
94877
8710
93539
47182
9818
65455
42483
72278
2659
29537
62221
85526
91762
38737
662
57961
34701
56162
94748
34441
40520
78916
11251
62095
19504
19637
83407
70609
8640
17736
51012
33241
73880
68843
4668
29689
93743
91707
85580
36220
68971
61674
54344
96951
2637
57649
42569
3352
40855
5635
40639
10966
62440
97951
4704
54712
3029
45978
73316
28658
93213
62973
10767
17834
67410
73431
71835
68041
23366
62229
36319
39167
6405
1667
1198
73304
60430
66569
88641
4453
40320
51402
16018
76097
69839
78005
34370
52122
13540
48369
74708
27087
19573
9793
88368
8959
82609
86437
3757
92386
32201
60663
45734
47696
5283
63883
27585
84068
99487
87299
82204
60207
75050
46597
92496
96372
3068
99937
75522
6757
40137
24645
4084
84600
94705
36796
49295
44248
10745
78350
96286
50938
41277
64992
66614
54280
55843
2362
33363
66917
84385
58137
16619
42324
74764
99854
40805
19561
96844
2241
48107
86967
21649
68579
15566
86096
72615
74797
63562
27605
18544
60481
45345
37783
74089
38104
47205
23585
33407
93670
80188
6891
57021
6278
8348
67425
21534
74576
78865
14949
85557
37512
98261
90119
65056
96712
14665
75134
13751
5154
7593
64556
92783
58557
46477
55158
4972
6199
72992
63441
38488
91811
69838
18144
24214
39822
33912
67920
61127
9117
56334
7155
47275
36254
91882
73478
53583
51784
83252
80309
89729
66161
27914
39411
35193
47235
64232
13394
91451
32958
3457
1334
88158
97027
47662
19401
43544
44367
22324
20079
32689
68380
94632
19133
70789
4025
25366
14722
86854
90648
38149
73931
90134
3786
32568
57011
57614
4499
62612
48578
95488
20752
64089
58772
16370
57821
94391
60451
76859
63397
8758
44293
84023
79489
64281
63634
55488
43040
36678
90501
6493
8594
72714
7936
13580
40729
18267
90524
7994
87652
79604
73969
42318
74772
26691
40587
49827
6194
80234
38750
33136
94921
86424
10908
31376
51904
1434
61648
42469
96393
53809
34259
28523
53619
193
6294
97531
35528
42172
79112
70887
88450
32587
86905
18387
11200
67398
26660
449
17860
66132
10391
84624
34940
19186
82947
88957
63455
8218
6089
50953
18555
708
24431
90135
71828
86851
41869
15164
42331
45681
40622
75433
52287
81779
45357
17649
72548
36111
63399
4211
99552
15285
99211
56276
33893
11726
70553
76844
33842
32072
15623
57317
39914
77041
22833
57576
17077
81227
78285
91466
92387
12491
50580
84285
85502
14567
15650
76285
71905
59853
89203
58608
4398
76084
43623
39501
65442
12609
12132
54394
68212
65244
94458
98094
86594
60276
8773
49590
37371
23705
52150
46901
55791
51501
8217
71952
43225
77298
3548
51136
73362
80435
14628
92004
1417
44021
2162
9212
32997
15406
14903
59623
63496
45431
4401
65590
29550
39306
13068
55256
48652
61834
19544
69995
1345
98135
98848
46768
10436
15906
22666
56869
91230
637
55981
71342
44047
60815
83331
18004
44760
66580
51984
40826
75810
62077
3941
81293
55962
70128
94389
90619
71272
47523
73115
57782
79648
89072
67028
81440
30031
6354
38550
70281
69649
38659
94318
51203
70723
50959
69897
81740
95806
43344
85066
22833
19938
96712
38527
60792
68548
99260
147
59521
2945
20805
11312
30531
9521
56793
40651
44208
35624
15701
93580
16805
47242
23545
34218
93053
63184
85769
74878
55479
39433
54306
68040
79924
91779
85574
19946
94961
86226
37958
55943
32584
86073
73154
71835
28966
1306
61271
94276
68388
73105
31490
57606
43615
85435
11073
65232
14585
77931
84866
79460
1742
92699
29248
61195
71140
53042
6
46767
57032
80050
48339
41390
34558
62588
34083
21780
93495
14305
59918
8384
55126
27065
36827
20664
32549
47950
11259
37266
43521
41416
8629
13606
85246
96422
9232
80533
19112
97720
69222
93096
71765
64775
58475
19655
85519
27342
93592
87786
38589
71271
84090
8007
50965
22478
96890
68402
54901
7047
73111
60102
93616
69379
81188
74919
87729
44381
82601
22766
70987
8853
87096
65274
60377
17243
38432
58468
76117
49775
80489
49327
87159
86475
44034
89131
85843
77916
15539
30703
22082
47201
40865
36242
61916
36540
7472
75857
66510
26715
83301
35659
22924
13071
16892
99934
53369
47277
90101
34415
4353
88215
95458
3586
82857
60301
82285
76083
57985
80329
92351
86413
95234
76150
21697
58473
26308
52864
89427
39624
13886
37543
70906
39576
54824
46802
30985
42735
33483
14068
32848
2871
71609
35849
10607
31713
93518
16118
18818
37570
97597
70297
69597
99884
82689
10012
61285
55507
26145
22693
19527
23692
11400
46201
11705
93598
25894
46134
64612
26056
42279
39936
69991
29326
78644
46878
29175
47862
39398
96704
69129
32905
25475
5745
64519
21310
12791
77509
88693
8810
26425
76072
28456
47515
22962
37643
49942
47200
12533
91717
77574
80721
17366
57668
53744
84376
90266
79094
29357
2449
50393
13867
98092
34028
22318
35872
70759
78557
94364
85045
95245
25491
77538
28636
70553
44935
13203
47226
30987
5537
83191
17996
32526
48778
34494
60890
62544
41368
59292
47770
13458
32074
16152
48890
78144
42900
3843
19294
25705
8743
30982
3504
39030
3817
6858
41028
31074
43091
91916
87530
45600
16531
29786
94126
99944
74431
65987
96770
35107
32598
20094
62727
76247
84107
73249
9547
65479
80408
92373
34032
76834
10099
38038
52422
29585
74701
32602
30499
36538
1088
67874
75099
51477
27341
73972
33314
22792
6705
62962
93165
52480
79658
61467
30649
52252
70023
65758
40616
26136
65628
1628
57926
54699
53005
50165
40740
2588
42383
18646
22936
38658
4559
55410
47548
76505
42618
40391
19046
63509
40763
77249
82803
13848
2040
90365
5213
64520
9835
30695
35433
66114
15391
82613
19705
99088
40069
13008
33599
18760
4607
23506
49507
72670
47219
51864
3930
18110
99904
23946
23257
91501
63566
89112
77452
54571
99741
35103
91200
44072
92353
41826
42848
55137
67563
88630
70637
57237
23967
60833
27407
51335
88928
3363
20504
98254
35121
31631
1294
48334
11598
26026
60255
82189
97223
40838
91129
90102
73113
74765
59147
3361
12131
90409
81342
45198
42399
80854
16004
55184
46807
56679
45925
24077
72221
41956
37351
42013
15799
22818
16374
37433
58825
70257
96898
95563
89701
64680
15478
29004
41611
601
91359
35710
48455
51949
73792
48948
59131
702
73579