64121
85788
85045
27627
74191
79455
72519
74319
815
10793
60900
55514
37597
76498
12207
54873
29623
97119
25300
33976
14220
963
49464
65235
85220
50270
224
23612
79351
95029
82568
90785
68447
13777
31019
39911
98445
63908
85538
68980
54972
14400
46124
51603
49856
53549
41398
44968
15390
34683
37544
79105
49403
13211
47106
93989
29964
16842
77629
67724
7326
59261
1573
98093
94651
80676
10449
33308
27940
23824
15216
33861
50666
68280
99458
75302
89766
98032
72126
79921
66654
60906
35821
23920
55717
55945
47787
44070
87002
67777
71151
26708
34677
44560
17407
90318
13228
2286
29979
40422
4123
43621
65145
78218
48546
97613
15088
18256
74141
36639
61900
94914
38844
79789
70322
35399
39874
13370
19865
28339
55213
40397
71472
4908
52901
87415
79364
97296
70459
36607
34488
11806
69586
56653
5331
40505
56012
42591
7191
35989
28402
81130
88005
70581
56810
82296
21004
69188
96418
50440
61811
85812
92499
4530
42062
948
49241
31788
75416
43664
64647
3146
78191
41247
94664
52369
86004
68738
11717
15975
95326
35760
43479
38921
29656
94336
77970
70888
73593
6667
16074
32312
66847
75212
96127
90939
47092
23362
99570
60171
98957
23598
91149
23507
76902
37788
41963
89975
33145
41768
99181
90059
98855
12032
78453
59636
93161
7595
38927
86101
56826
85086
67864
99615
55494
73281
20413
74495
46595
26874
12125
62409
33134
39894
38771
18701
89259
41513
4449
77034
75528
53226
13994
55384
13737
78485
16276
73270
58255
63431
16159
13868
76941
97012
83249
94223
58078
62886
21220
85694
80910
16419
86406
46581
50022
77698
14180
39993
58575
4799
38087
24869
23343
33386
2391
42041
43104
33624
97023
87469
74155
51886
74483
64384
87760
5595
41999
87527
24756
15321
31271
86457
10577
58343
4306
20606
17049
91704
37531
55988
28026
29014
98136
61461
33316
4704
65903
64449
35494
24318
2530
36234
41501
71436
17046
98008
20056
54022
21693
69692
33686
34258
43689
79935
65099
87529
80559
48124
36516
33373
95993
28307
53364
28238
21618
23906
73567
24772
77977
39121
51366
60197
66417
8349
34412
29068
45869
37491
38307
41822
57449
33708
67213
74071
92218
9797
31544
99513
55336
76241
19909
97450
84140
84729
47315
71985
84146
73717
1447
978
28421
68521
98294
81612
51914
27315
54678
38717
75778
20987
3759
89395
53294
35604
15395
9854
23381
33025
45939
81598
73807
24744
54539
10208
90531
10299
25508
46575
34003
84906
93235
15412
27789
81514
86830
41309
44327
17092
54416
78747
33245
49179
83352
75947
12283
27383
82229
4791
20432
96691
82296
30167
65180
54458
95984
95201
65384
89223
86614
26924
57325
91584
93009
86126
68095
33015
21247
29126
76831
95868
72385
87876
90945
78502
5694
88805
38746
36846
85096
34427
7832
55066
51780
40023
70216
51981
38723
86478
27404
15682
51702
4260
32543
56521
7220
50951
57110
30286
6212
38316
95429
93601
35018
11277
27998
49101
12118
90666
4295
51700
7244
52491
60958
38257
97503
85308
92820
17011
84270
84560
64202
4095
49871
16750
4782
86499
54922
60107
36059
54986
12199
46844
64760
70295
9225
20674
39672
52277
26525
41463
95360
92708
96385
85512
46470
29036
45817
65105
50527
50007
1762
43267
5894
68999
75901
38277
54225
87138
82955
27447
21630
51570
46966
79654
65753
81842
64116
33086
36141
61910
67759
85711
47025
98302
64875
41543
95045
25858
10650
61144
5251
36950
41600
13047
43251
60300
82622
72655
93337
71916
35004
22891
71551
23171
91882
85744
67915
68560
13959
54218
54891
33275
24518
5699
55251
31499
68206
79297
31934
24967
33540
69586
69724
48592
36443
48106
3031
66650
86670
29674
12270
55180
20414
7871
49070
6248
9448
87889
76193
99346
87598
45833
8741
28152
48436
17689
59054
80741
93184
82755
50855
11475
18451
49818
88518
54176
655
33069
66289
76090
92755
85958
79681
5391
38431
93867
93631
70004
84395
67682
72083
5215
65486
22414
42614
84865
48749
49309
69436
78420
1469
95439
51371
93127
80381
31680
15306
12525
72986
64102
66692
80562
36179
64070
44152
40741
6904
5968
27760
76635
54677
71202
73431
42050
20479
13551
84197
2541
91046
74397
9940
94238
10738
32809
79646
6982
1416
97782
90625
29689
85761
48994
74068
30067
672
10164
21932
75608
18387
22183
98956
40306
33605
39213
59309
24663
1324
43478
32829
54419
49148
51909
43076
90952
88432
46176
38161
40491
50099
56027
5170
89038
29291
3617
63068
74000
42410
92265
87218
26035
39404
95810
8336
8860
42476
37325
99603
78911
53410
20261
13601
24742
67241
83767
17199
36066
72520
53342
68560
38457
9241
51207
53723
18055
22252
75308
52845
83703
70965
82182
93444
58147
40587
51108
49681
99796
34839
6087
43376
22418
18011
28413
32108
87874
11275
35942
9309
67640
65346
94758
83425
10305
1238
35239
69257
49991
59610
3528
13754
5807
9566
10567
29408
88495
37769
38053
1111
16227
76319
35401
29151
3102
76184
22660
27898
37137
73083
94728
5995
18818
57702
57033
46722
17653
26523
77607
94391
76245
26261
46715
38803
79742
67211
83178
1608
46556
47414
75344
52616
16246
68843
87353
78360
41168
19318
51338
88298
67475
15435
77110
49223
62030
34148
11069
97677
21208
2709
67751
25012
16082
87313
78839
88560
27677
5099
69053
49655
64010
7555
31762
29400
93722
76390
51869
47954
80856
48653
57064
90924
87798
70044
33098
74109
73491
71286
69716
44947
64541
13613
34684
55007
98950
45728
68175
87890
67456
14809
77773
85405
18028
95630
1147
7536
3020
96442
16200
24680
92797
27071
56893
66615
43975
94074
88914
69848
7148
58042
30066
52111
64997
92933
31301
44316
22308
1741
79714
96344
92064
88084
93481
35101
2352
91216
53039
23487
60680
41744
94071
14140
85175
71350
33622
27096
61315
69201
96641
6658
64197
39782
71322
4767
61788
78774
24083
60800
81840
32292
84722
39393
93719
99831
87554
52992
8808
42202
16009
47180
93265
23868
63898
40321
86912
33024
36417
88539
12719
98679
75409
78166
99454
61080
7376
97029
99796
85611
2639
99488
15301
70773
23156
61893
25483
3111
16332
33445
33321
42643
21076
92985
28207
66970
46676
6250
42556
12621
64320
33847
56759
29575
66637
80932
97176
40756
59735
66614
92217
61314
45907
79103
41460
20796
38764
4067
10651
57713
55247
60268
51346
97389
85040
54703
23011
49588
25088
31899
49365
64945
6556
50643
35963
7951
5800
87080
11095
72551
33941
77245
54301
2134
77685
54453
94680
40480
20787
12031
37565
70854
28600
8216
72650
69456
60962
41104
29759
72165
71619
56069
28796
26575
47986
1356
28264
60284
98677
64840
50259
94306
32372
1871
14669
6975
61006
92705
32717
66158
98168
58052
50135
27834
66109
57836
77235
99929
4632
37444
12205
94906
71371
97527
84862
52861
74112
67801
43686
66420
35288
64389
84658
7523
47207
6407
67051
19097
76842
39415
69869
66477
71333
43970
45524
29578
22821
61571
26712
49118
74430
89330
3871
55479
5438
79268
15789
26259
68976
13912
73425
82181
28329
95533
55927
43246
11182
10594
61837
52337
17536
23323
34821
33648
32640
16488
75403
58205
24510
7137
75245
77391
22359
87268
31977
40601
13637
62576
35097
94613
638
23896
69051
84879
92069
24981
16378
56480
19625
76945
6401
49135
78746
8378
80323
41644
45366
76139
28416
59598
44434
52887
96674
90317
1135
3149
82024
94973
83579
1213
55314
22672
62205
6507
49532
28317
80849
19893
21577
35661
55113
42862
26241
98811
37788
46476
21887
38412
88981
1211
34119
89495
23867
80357
62245
69498
65019
15381
78076
67636
11149
98785
74887
99145
10674
11990
13268
79027
81956
83240
63409
16834
51302
51965
79924
56883
52712
70103
62088
58835
34001
74031
3528
19440
47053
68620
91381
57845
32834
24469
19433
85854
50513
11509
79814
71750
57132
98661
43790
96485
66883
23842
6235
66969
82765
56684
82510
84899
80159
83025
95151
22997
81261
73049
27939
70785
86083
34286
37108
41191
20867
20655
21593
85789
56792
36331
28156
12386
90535
74804
58895
53574
79461
65578
44967
83007
28798
35442
47884
72427
75151
80111
97290
81184
81868
77135
76999
43717
69251
52155
75120
31921
2668
38066
24507
94067
34715
35898
14741
69571
50743
61713
70221
67598
8784
53622
39411
89520
31379
81435
96787
33412
43265
73935
6076
65196
42803
90028
38268
60480
48422
74090
58828
67879
30331
39771
79596
64063
44416
19897
84089
61372
58959
40173
6707
11099
69479
83457
87021
14048
20447
52861
75828
58699
172
20809
39508
24877
61876
69916
67012
51513
73680
49662
3291
44799
11805
94463
20823
45801
39332
2864
35921
45600
73108
56163
12808
8305
62838
77503
55526
32405
2191
140
59572
33931
32387
45308
83040
80900
87560
99370
63262
2461
44435
19627
58597
74321
45356
55506
32751
13431
4450
43868
32036
17076
6807
13440
97124
98299
40667
77483
8020
25652
74416
5758
21604
12615
37692
53959
13426
62432
72889
7371
50413
36169
18297
16136
81393
14749
28607
23209
48177
42406
42128
43923
64198
44128
44928
67222
35754
78269
69871
82902
19377
52068
80334
93405
87290
31478
52207
78476
90416
38523
89313
60229
99761
74697
68042
27055
85172
82466
98554
45664
5707
99113
99813
77976
29377
49941
50673
24933
47381
55927
48546
32270
53713
73161
72360
83782
84443
11105
32197
47436
50482
90994
99508
95267
22154
22320
2675
75021
55276
74538
5590
58864
9018
22805
98819
20971
11652
45354
73904
33512
90852
56991
70844
93787
56617
51767
8492
55892
91984
69916
56951
92948
79389
82318
20879
34762
80111
18621
45315
49380
86340
77340
93191
11783
93765
40169
20507
90975
23265
86820
92615
3054
37465
774
33926
13018
14061
27884
18709
41978
52754
71784
18223
62295
35
81184
92185
69460
28584
70948
86856
38578
45959
43769
23889
19188
68240
16324
16076
87511
79246
20988
77080
29575
85353
79800
80572
86565
11247
29684
82443
45593
69462
16908
55692
6020
85559
46759
52246
60660
36445
68196
30656
12974
47611
31848
86361
94296
89395
10648
31083
2207
81893
82758
8288
43828
27380
72130
45542
80957
96455
64594
79410
99157
17305
72309
2896
61797
69883
50143
94071
10536
93444
16071
17142
26705
59906
8583
3943
25996
10864
72668
35325
20086
32079
77867
45393
47596
61100
53967
31234
58671
37679
30502
62863
57166
53425
12056
73487
84159
48500
61872
8958
51133
78169
85854
5290
16392
40369
224
21077
24989
40942
37186
22484
89953
66977
53527
1373
52851
34832
21810
72510
44360
54137
99889
9244
72543
88880
71465
84618
49046
23207
40016
59365
93025
89716
57751
87890
73768
72621
38722
40252
67673
83606
88309
7017
60059
42062
9331
77670
4681
81791
74862
93249
41989
8220
10961
41496
61351
86797
93198
28828
66879
10792
60789
51777
70008
64695
73632
54229
27394
99146
86186
67794
22399
19506
57242
34465
62087
45567
85944
75229
69425
55198
64003
91837
6514
32880
78492
14317
64567
48800
19937
91654
82580
64662
9752
87721
56481
86000
88988
13798
91742
81989
38668
17484
17072
66401
5961
62351
49941
94015
96249
57684
49321
78811
89599
95694
38919
1949
65115
69476
82707
49379
12886
28355
2496
81840
97865
76085
58259
37698
83336
65972
82149
45645
24227
56783
43137
57903
70052
65090
17519
90045
75786
82245
50493
63685
82685
62348
18004
34957
31256
391
15249
97254
33378
48435
18217
12781
15201
25446
12002
79814
39849
74822
11173
9263
68826
41909
69249
50520
25459
63129
12636
17920
67873
45344
25464
41643
80605
61149
86560
53700
85194
90586
32984
61847
51647
83090
90661
5541
66831
39465
98664
39527
60001
48898
37491
2984
11480
44198
69215
68484
3638
55781
34317
62368
70022
10279
73961
44912
56017
5331
65524
8064
73077
37329
7076
69124
7313
65720
49219
71406
96481
50675
69644
58937
20957
54575
78693
57542
84256
10194
70718
4239
86709
35663
1087
45275
64460
81956
36544
32891
34242
56221
98802
83120
10676
34468
76026
5188
80966
34366
52707
63091
91933
84089
30330
39570
2361
9697
31743
89144
6094
48553
89952
18579
16791
3718
39951
6385
1563
3461
72791
46122
91732
83037
56082
29243
38465
10713
66785
2889
65580
87537
66896
59902
94234
20025
84895
28094
51198
37363
47078
26649
12194
35925
34883
40091
93390
44462
97149
75059
26739
27255
92499
31931
92847
68970
92873
76316
82437
79985
43012
84780
18542
94457
33268
38161
7010
77840
36971
55946
91165
76501
56229
62662
7944
93914
35869
48970
27140
22377
13212
72131
31383
32871
20859
3029
18346
66177
79370
84603
97931
40516
80006
27543
66853
21469
29754
67356
20917
86090
38199
57424
93878
72541
66970
88597
50055
541
83758
81182
42680
40057
73757
78847
16287
8843
9707
29905
28818
93303
55080
61871
70005
68210
37194
66760
62508
12731
14117
98963
6800
82504
522
45371
24212
52018
30369
29565
30994
98172
30227
67582
70320
86414
23178
8410
24611
50248
46171
93951
84319
80893
20334
88975
51775
31555
81917
15854
89583
181
34999
67185
13182
154
38794
46240
28074
98642
76153
77945
97587
41998
26554
6095
47265
25575
81968
44963
78780
24066
76595
14133
24841
77832
95751
76458
93819
55591
62402
68575
62820
28608
28478
8721
91150
73425
89570
71993
6722
47573
55081
72127
11754
3532
89353
94627
3642
9285
45003
52787
34463
25823
40981
32416
59925
44553
64022
25955
81156
54143
40517
41892
9688
39573
28230
16134
38637
6283
36771
32490
25004
12289
46272
69246
85983
79757
58858
60780
29726
48839
9379
63839
73355
25968
13229
74930
22374
95448
73112
57881
16733
13724
63405
41561
81523
59045
21287
49188
34980
87286
27028
96468
10845
35808
97501
34852
95687
20514
28595
38116
25806
16712
79404
75522
232
80625
66849
79138
95288
44204
61980
47781
82916
11949
18905
14009
7790
20448
31070
53088
51654
32473
52727
35063
49950
17111
72464
91396
65417
87214
8548
78535
24657
53795
81866
15061
12631
8406
67718
28415
88254
67207
9190
1906
74063
19424
45157
45496
40556
57771
62035
92951
91523
78932
6117
374
6956
8672
18855
66765
59834
65847
11074
52137
9411
57990
32142
89082
56581
2384
53290
5860
40486
47035
98086
68265
71962
94648
65025
89263
18103
1334
75362
15426
33742
66998
828
19985
47201
21851
33954
36538
76065
43184
61313
18428
5696
77863
49563
11856
4437
66733
4073
78839
24152
26655
51972
3590
40047
92825
50166
55493
5941
20592
57424
57779
42851
26071
40452
8863
11773
26638
75109
20929
34080
10096
57540
71133
2939
96918
71290
58351
99454
15714
78863
71449
4644
85790
25842
62673
49586
14299
64369
63607
98295
48618
63298
42242
23269
70877
28847
67383
23034
19351
15450
86348
9940
33410
4693
19389
43810
62290
88539
37626
14531
94474
47200
59610
90893
43437
12646
75168
10440
96493
71752
59080
33439
52937
98938
69220
52040
66979
29564
71615
78704
85270
87340
98240
730
72353
19957
48362
4875
42927
30627
29656
7918
24585
82177
27318
10860
48926
68576
30233
72599
90023
3239
30273
86083
18989
94158
70431
34045
50605
62631
18330
10181
55205
98240
71689
33910
72749
59149
54703
88662
83932
98486
91075
24734
66340
89063
40030
57475
896
91343
19830
16835
63432
12669
88314
59463
97555
93907
10227
65686
29039
32457
58770
41470
66625
66958
13633
64821
52151
82118
28844
99174
48374
44775
54555
66163
14936
3610
37428
31690
96177
80762
48335
63489
79015
74072
79054
69674
15342
74574
7397
83490
62231
38297
50441
55901
92508
59665
45247
13508
36907
19606
4710
3014
82400
69753
54322
15454
89761
95011
85872
61979
98903
32300
83637
4624
34011
85678
80055
94791
6936
64856
6673
34598
91746
74060
58337
39232
69401
42262
6054
41854
59085
9404
61403
78647
11103
98267
27999
53916
29153
49254
9720
53512
12547
84072
22852
49257
82464
57198
11333
83184
77824
8969
16626
39818
99425
96483
22537
76051
43496
10650
57504
95212
485
94564
95132
25423
85744
21655
47482
56097
32157
3003
36251
98215
99785
27050
65508
38970
76654
77785
36962
56056
56947
56028
61788
27529
24846
77465
23253
19061
64089
27189
58029
69988
21642
55379
16754
51924
42729
8940
11387
87381
59549
94295
51879
23999
11317
87876
86823
84045
41343
82882
73069
13925
78949
45076
37825
1816
91140
55927
55527
65577
2344
6308
16272
85185
51624
94047
78102
38236
23883
30720
57576
68069
86373
64334
20808
22998
82524
48304
48804
21474
37676
50449
61082
48204
77051
49713
4718
71531
7367
11587
90566
49910
67048
34678
65832
53867
12569
92793
7442
35705
82510
1652
64523
98710
93490
32560
32618
73400
34387
96428
45693
91401
73041
14559
36946
6351
70595
37553
74733
80218
81240
96210
83078
17279
64570
15416
64862
31854
29912
79799
12234
67537
81962
31791
60378
20957
11012
67671
65882
70699
53065
98158
5974
36705
82539
35749
91416
55729
84352
18827
71093
23415
90934
9789
11638
13690
54729
15942
82360
34288
83128
76465
68761
95478
4428
27886
3641
70459
99479
2336
21828
97233
4277
78240
29443
30974
67841
9397
78061
9790
20175
52119
47493
11066
99101
79763
84719
16135
18274
52078
95933
45257
32391
52969
87993
55178
37059
18664
37604
7954
76735
64172
55764
13579
59602
94669
76065
42909
37492
75414
37087
97767
47485
28587
66699
20570
56681
11730
47096
18624
50099
76375
1077
16004
29776
88693
30289
81019
76137
84732
11295
19954
34190
92664
48987
64056
63817
43246
48579
31008
85302
14094
98218
39643
88009
44248
61471
46425
9152
25559
17649
46611
50198
63567
69344
4278
11254
28446
35939
68501
30837
38995
92777
3394
70353
24082
73492
47399
18961
95412
41384
46423
53423
39320
84515
1839
43922
92951
61279
8164
47662
70849
22412
26104
95521
88839
91316
86336
85292
91366
28730
84594
24031
79360
2381
23489
15288
13746
22457
89596
43416
35105
43499
65804
422
24753
95787
32049
9821
51754
41549
819
32933
7329
22999
88887
93520
14522
59843
16856
5858
43394
39069
80799
60278
3359
57741
1997
67313
74621
80662
796
70493
13085
23800
24207
24034
47170
52067
71376
91895
57146
82530
37061
53320
8281
50656
14791
25045
32781
42231
55331
61582
99927
6797
78931
73036
65347
25022
47368
60202
18849
61971
32288
1698
51324
73824
70378
67327
28768
40268
87822
24424
68240
17116
50505
6774
94703
50013
8893
74262
79052
44887
87755
32612
42482
87977
22039
92557
782
50254
38942
24778
79358
2907
7845
92737
27850
98270
51382
86947
32580
5593
42265
36877
99709
48230
53893
27918
6631
34293
56815
60531
99674
99507
54281
46393
96337
40299
35523
61056
89095
30675
57307
46608
40844
16311
80599
53102
9033
92784
44712
24285
47118
51643
95884
15149
33982
23828
86727
80465
76137
4771
38997
31167
85074
19183
33772
1919
87018
44496
85592
72218
88903
94272
71802
21412
23633
97102
1089
27017
70655
62892
12786
61252
30929
28563
91949
70155
90519
77315
6753
1067
78383
70421
19204
26805
21618
74398
34337
32568
84499
77511
71622
39748
98823
28181
94110
64599
37963
37305
90355
59038
98294
94877
13041
73123
33409
90760
10336
8459
13762
98742
99148
80101
28308
79675
58920
70081
68744
43422
22293
102
95064
17704
48546
57410
56919
67958
13207
38723
28711
58376
5286
71990
66788
87341
74979
63701
61651
66738
668
74311
37124
76126
22179
51601
19449
5288
27785
78406
24876
78894
16075
65270
85098
29220
40820
90854
31412
83867
69182
23740
12906
45968
6142
14179
87895
75395
73798
23130
34772
97051
70829
26429
63785
96164
23158
12809
61837
7958
7770
25825
58835
59915
28850
34995
88719
7738
78085
58515
36302
29874
5955
86637
85655
99843
74292
82942
49978
58436
89098
16657
74923
5458
28894
98702
19660
36718
81772
83768
76439
10097
15209
96585
33768
7720
77828
86264
88972
77795
85404
90556
69445
68824
10521
15266
49271
49050
24901
1495
75778
74278
81675
51861
410
54940
45003
49452
63194
46762
61598
5719
49778
57061
63967
54552
7220
3668
28072
57883
4789
46939
76307
10819
62368
64806
84573
48724
18981
1629
22645
65061
9459
57458
78768
10200
39665
77146
31589
55934
65475
74351
22146
57974
83464
83878
36514
3645
61187
91013
54319
50893
70825
59000
81508
44639
62237
13096
11936
40652
55861
38376
56414
53169
85743
63710
82006
23251
16616
19431
62012
81850
32393
69280
27958
33823
15408
43224
9108
71988
59728
11311
43261
47659
65233
60401
18138
10285
48705
44490
18065
81930
39112
37052
64665
81921
23908
67262
17125
82523
9146
12406
86795
15227
36832
51348
33652
70242
24798
1839
60692
92099
45615
21331
75326
20927
19638
38192
97378
54363
74955
77177
43827
45111
58850
78445
61426
31040
73403
6911
5898
2069
9990
89132
32044
79371
63224
64145
24234
93806
50452
28146
70408
80141
84485
27693
62523
73692
68300
26539
96913
25762
29877
8734
24643
5459
65487
3305
37533
51158
54032
1042
30189
45121
32427
66153
44471
18648
57785
91652
45167
97963
39705
44443
52840
31652
55523
72939
78225
6527
37292
61157
13119
60913
76851
8835
17367
49353
19221
15695
26607
67054
54505
31769
56423
40266
95111
97651
93154
38519
51912
26537
78379
60700
25583
38278
63752
88047
38579
75224
15328
45030
45077
84537
90409
88244
84475
72807
16180
26151
86514
52721
85068
88821
32501
34850
35768
94480
51349
72958
31358
82190
85352
39690
77517
88298
7911
53892
93695
65930
5636
84032
9957
88760
16902
73520
30789
30782
84391
82272
70374
35949
52861
88291
16734
39501
59517
56086
23102
38668
9866
98513
88181
98559
51798
77915
95120
70807
8156
46284
86582
73061
91790
77016
35432
79467
11259
12457
77578
1238
67948
23775
32591
82494
24493
6901
80740
49930
15151
9558
45981
83357
38602
54568
43937
10711
30085
97461
7222
46819
30936
64748
60243
2049
29121
54944
84703
81089
95533
86529
21505
36893
34237
64983
2675
52137
96142
39398
40675
60259
19452
34935
59746
97682
20176
37340
72019
94348
96897
11620
19237
28827
65306
37315
7060
57402
74019
19802
17391
60716
60027
75297
16743
92065
25535
52848
57916
84177
38845
57174
46946
23920
18319
64208
98966
61663
69242
61344
97240
23153
91147
10556
18732
13791
53454
88109
17578
80420
44524
20556
34716
55677
2667
23701
15561
77616
51032
12577
81244
27945
48637
56542
31103
8552
57543
19037
50095
12113
34490
51970
36614
81410
59443
28191
84626
3970
55296
60977
98590
34214
43174
55755
83226
57749
35934
33517
44037
44171
60518
34438
82452
48538
80235
55158
34900
44240
46097
40137
8160
38285
40312
75315
16117
59435
57524
64664
52991
64032
71675
26610
1774
52771
13829
66260
85496
95554
79752
30436
86301
6643
72396
83035
61126
64180
96839
15925
50571
7024
72878
86587
78056
56400
31011
93276
28365
80319
97941
42480
77447
80081
41494
65416
49318
69406
67390
73530
30179
38964
39706
40903
9423
22673
65070
4412
80687
12223
7693
57276
44522
68783
58973
77473
68966
80844
86056
53262
78525
77426
67682
57568
43698
56637
59657
13661
94912
21469
83671
12211
34114
97757
21707
1904
27733
25401
64039
3428
82364
31553
12783
85907
60884
52807
21209
42915
88678
27489
47196
37002
95079
33196
4094
98328
11692
61719
30792
98939
81588
2522
1230
71707
38733
35248
11174
1685
96253
24745
76158
38086
69260
14823
30290
29562
81228
97043
23760
77068
41974
77576
62085
60973
87215
39335
35342
48878
74974
15562
10401
5190
62396
40517
40912
32230
90890
3694
38461
57801
52076
73210
54621
48383
52594
16345
82650
282
68290
33324
25747
91423
66713
7020
58550
8941
40168
7607
73407
7352
97069
73194
65149
96789
67922
97780
80185
13049
40837
34688
9876
27439
53552
23824
68718
7368
32913
25450
20179
85864
76990
42823
33352
24463
83719
502
46811
50132
2923
37875
93267
62692
60162
83934
87155
97507
78792
76599
56170
3909
83617
96433
87774
76124
69855
69761
3235
92283
25217
64984
26693
61548
40179
2738
41163
19404
95927
23145
58472
84231
40434
76208
33890
44048
2678
92978
48057
2914
32041
78276
98042
4811
71761
58210
77406
59473
86819
19869
56886
88212
6707
30854
10561
69602
64514
43010
58999
75538
60680
8951
51799
39017
71136
754
1223
85024
79119
37144
84267
7704
2987
76585
48302
23105
17715
32444
8937
81772
40070
69299
45699
1429
50056
60234
14071
95179
62265
33033
22158
23242
81900
67675
55366
75587
4201
231
91758
25757
43819
80100
63395
18397
43992
17379
50717
37001
6580
4564
2902
30695
54574
55719
55802
17727
96748
91440
38456
3117
24874
30123
97530
89388
6280
8050
47223
31110
53840
69759
96129
83714
35171
72753
48236
8998
29055
27655
1415
55105
41117
11751
10222
49413
98897
68915
56484
92623
94296
26941
46333
7857
27311
50329
25608
94931
45929
99802
53964
50427
8253
74039
12873
48533
58169
32091
50887
35042
17594
19353
20072
17682
54849
14463
48051
13233
92646
95466
73552
8490
65240
36343
90600
92003
16010
32218
13109
59052
88255
88497
86478
86610
35721
54835
29047
10794
47835
75116
98145
88193
33233
34231
62478
85172
21395
80341
97266
34995
29921
7540
14751
15852
77728
24805
17832
53500
6751
38911
24367
21022
44884
61133
85451
30706
42923
96378
44723
99020
93589
96224
39198
93446
10642
3362
5645
27608
60675
25460
36011
23787
93972
72369
16695
65927
81227
4882
27828
65963
52523
27262
45580
35284
31754
51392
25073
93187
22122
51313
65856
7925
63262
81898
14270
1746
66811
14870
69825
21080
19655
5622
27996
55975
65776
46666
65179
7852
98620
23747
75652
87465
41216
43394
69569
32725
97846
1615
88336
31887
89649
45003
86365
22687
8336
61621
25912
46562
95065
46312
77711
52914
23002
83628
36231
87804
73304
49799
68426
1892
58346
6472
75651
53361
86608
1986
17480
29384
59129
5384
97064
85202
29432
75226
7971
57843
52792
52394
93047
46210
53514
72827
89620
2271
98724
25643
67514
17405
25283
17742
5578
99992
82874
60733
38755
80631
15450
70682
71543
33314
2353
35045
67667
18113
15113
20116
65435
53104
98962
99553
54090
11731
74783
42248
43399
81943
69236
28584
29748
20670
92872
37530
63014
91969
59927
22633
54506
23782
51652
92496
45779
64359
9529
26206
11570
97979
95922
67184
37711
96689
80319
82146
3529
41950
30782
50799
24661
53466
12289
64069
97342
73700
42253
13017
31400
55518
33623
24594
69291
32610
58152
8184
20627
59403
94395
99820
56326
35696
32736
62191
92431
77140
44344
48032
82218
7469
68352
2403
80424
56861
47996
45588
18220
29955
56109
12609
29852
73544
52728
693
25540
40043
36337
185
89041
87365
65001
84310
69962
54382
11907
24136
68558
8800
3525
72304
13056
4120
13779
65416
69945
41088
41513
8515
11201
90227
80341
47535
63379
18747
97598
17005
43847
41110
44860
65228
36797
60131
27958
51657
1289
88700
47212
6014
55041
26582
37828
44636
19172
89906
32514
97874
92221
64944
92509
57499
40383
73281
81238
85915
33659
94596
17361
1328
30621
95398
37460
23912
60612
83608
36745
38748
40182
9355
32258
99070
83504
87190
63880
69303
50821
50344
50279
73308
41848
74780
31866
37662
25312
36483
67002
62782
85461
42810
42631
59203
60324
25854
44744
13690
85921
83217
66041
27913
50799
2327
29848
37176
83787
35872
80933
5367
43825
95880
31752
56898
12126
51705
41790
30239
36092
843
7224
57075
69075
24752
62824
46527
20331
69551
6950
99108
85102
59174
5510
74155
5461
17862
38628
93487
6887
52054
24093
14331
75068
72932
33324
95632
68349
82249
90579
52981
92478
43391
7714
36988
88701
81573
9175
34152
52105
1133
60964
98127
5007
15971
74019
83741
45374
32714
8223
65344
58108
16839
3928
77749
45805
91504
11591
53479
64885
36847
37551
30270
91841
40285
14751
34436
17648
33724
86375
88638
71517
9820
23720
99400
87840
73840
36014
24572
13051
15978
58911
84994
3488
13488
95149
48130
32868
88651
69352
14932
82593
19454
2729
97765
57073
27874
91488
67664
67764
26141
67536
42851
98172
61350
28494
15091
26115
71048
85664
66964
62486
39208
35927
22865
95009
76605
91225
82292
13071
17102
91162
43602
55638
39807
33445
74882
53508
69806
48933
92127
24044
52541
8660
22482
82771
9009
20286
90387
40074
20601
36514
8742
17945
8298
47119
46297
83171
29320
42718
90685
83422
89607
46615
36811
39997
32995
63077
54811
22814
28275
11469
54565
93114
38245
70515
60777
39492
88721
21740
41972
57247
83462
25472
80192
88892
37934
29139
16591
30185
73512
53601
15345
51821
78152
60650
87939
1352
9763
57867
66780
59283
91967
53401
58402
15302
33484
40799
99336
75743
9327
75233
12206
56308
57541
6929
59858
3626
81314
1832
94948
89703
90928
56214
54720
82728
42235
8612
90397
44878
15441
31319
95107
43499
26584
50787
42877
36356
3559
83034
87117
42507
20845
4237
90892
86629
91753
93872
9791
93065
99732
4172
1504
17418
43631
97382
82372
45254
9511
52439
48556
3808
24858
41781
30769
72049
22649
28543
13456
68392
83904
55482
26587
76027
93944
90983
73950
83929
23189
99601
83091
11202
11654
88810
96533
99359
30233
76176
87672
54433
71243
35608
45588
45403
76728
89478
74367
30132
81309
7712
90562
47411
617
71747
89437
84687
41678
73701
69665
47806
65846
39999
37880
58054
56308
8547
80083
53404
45405
64137
4475
60198
16645
83211
69206
60195
79852
9672
28444
23098
94582
72595
18370
80684
74592
74397
89224
19288
60968
18091
73899
80572
5042
47911
91535
75126
50023
74651
34274
13786
1912
87083
47241
83102
83016
49922
19468
53594
23861
93024
54148
23235
66944
5224
35111
39418
25217
46460
34669
3370
41343
93845
76575
74138
47308
33884
35268
73371
96694
37833
44579
49454
2768
3763
8287
55971
3312
13668
23227
48887
94565
52212
43492
24295
27925
90385
7961
19098
67131
10723
26053
41153
73527
58248
70936
77692
36512
86428
23018
131
26745
41273
25604
76445
34212
89875
72588
18437
11847
18357
70845
56948
16107
65341
61634
92405
44711
9948
78117
66012
17713
98954
83910
23149
64963
95291
94949
75625
26090
94733
48333
99572
9742
50653
65989
96425
61819
33489
82969
26024
89562
14669
48372
14876
63895
45731
75753
22290
7871
76063
42128
85535
22027
11409
44973
883
50892
72261
71152
80355
56872
55381
77134
28866
45836
3775
74654
91880
82655
25880
50480
24498
8088
50279
84559
79390
44120
57837
10171
12236
16697
5407
85584
64497
799
67051
24004
98472
99823
33630
20737
4043
28770
14969
85885
98735
83422
91635
56547
25220
31186
56356
23185
84993
64524
61239
75595
60107
35212
19313
46469
71439
5395
21865
87471
55666
15781
70214
25681
75721
60560
63707
11855
15055
22101
92534
60142
13242
12247
6452
91379
76809
26117
70153
32939
35505
77396
93643
44465
70222
95269
35914
26034
48768
15362
26065
85948
17926
50369
25685
85106
79317
92310
72325
68881
34069
54623
48943
5617
27500
92060
70469
39921
91482
45276
71249
72521
59779
70626
43184
27789
74413
92626
41103
20192
43329
73985
5863
26815
69563
83510
54649
46376
71138
58977
13395
58689
37164
28857
82068
86124
80737
56700
91393
29816
81063
39612
15603
75346
91599
28145
98227
74124
5318
95716
21093
4269
90237
67317
54131
89326
3450
63157
94445
54152
8804
31956
37233
53146
48111
40667
54032
17701
54600
4899
39286
30122
49126
3688
43572
53432
1224
66348
63726
22184
43790
71516
77745
64319
55926
88836
41309
15582
58753
93759
9770
60105
35255
18714
39579
4574
72778
77937
34674
22753
67783
54811
62087
66486
97804
12543
76610
50782
89938
2087
4581
16855
93953
97717
85544
38917
1506
2518
48481
84594
43714
24137
8262
20823
81850
12387
78022
29641
63213
25206
53079
82078
25782
56762
86441
35387
43171
1700
8411
60311
54332
91806
74872
14611
94647
53149
12683
31375