61473
37139
23347
67781
65773
79035
82312
21994
44988
20996
96976
1816
29010
74144
23968
35564
31152
9008
71044
67346
87563
79958
16652
91837
88981
5826
61034
90521
35065
24688
26199
95978
93096
63148
39248
43090
22548
266
18268
64331
87977
47776
47308
62904
27700
52872
29323
20968
99645
42519
67901
47074
37826
2368
58383
5435
48446
80339
18439
65639
11730
83406
38116
65019
6571
29367
61382
72794
5871
52335
42425
21675
67380
85985
84060
6764
2244
4303
82403
40931
50890
85851
22091
950
92623
85548
34429
39463
66497
60944
26067
93503
91144
48362
20936
96419
57674
34269
36649
73274
19165
3286
25158
18537
83917
44005
36504
46051
25895
36438
46219
89104
57388
48349
71723
39577
16210
89064
774
79800
69760
77905
79132
94170
80829
48601
79871
81969
18760
22491
72121
66794
46707
94670
14914
92871
80564
86617
6045
94313
27782
22751
18655
14322
62219
46458
70346
7873
16540
71022
54773
58689
9126
80065
23547
23350
93895
63695
78737
93645
21678
35796
98963
28412
61230
45558
23328
59352
51467
65047
97934
12886
65714
82834
20204
91228
40979
42958
5676
34133
90583
2820
39940
8368
32748
86469
8057
4169
1976
99726
29054
85945
91514
6205
18663
36681
64198
44537
77612
72992
15903
58726
4140
62649
58286
1203
23899
64663
9459
7450
95869
80767
97963
41225
49275
39615
52365
18593
44545
34484
51648
9837
50545
55674
58147
24452
63625
88190
79705
83972
75784
13000
84798
74729
63105
18505
24184
89425
6740
80845
87041
23346
14541
20697
2889
37284
12098
11811
50150
73542
8361
25452
90516
98869
37713
93227
31928
1355
91081
31480
44699
17992
6594
98272
18270
47724
94617
33168
43892
42832
11070
38874
73393
78266
36509
27633
2605
91384
93581
55364
64265
63029
93608
69649
58324
98544
3217
33960
18683
89768
25395
98021
79998
65044
13443
24590
53378
17816
34502
59422
51450
63337
47864
26514
15419
72006
81046
21063
80590
67402
93832
88558
89350
75629
47443
35376
35344
89405
23466
138
15908
58431
39278
51776
93230
59215
43739
41197
63112
13742
87483
16845
34621
38638
47511
84373
84708
90450
52572
77693
82672
62464
60471
87409
42746
95003
18582
54332
75909
1376
49709
55592
30035
84128
15810
66092
77199
91083
90762
33823
53717
3419
44917
54757
46693
53099
82492
45942
38411
19049
4153
80687
77149
36645
26569
2653
79927
61473
23469
24635
93861
44312
85673
29960
86583
4644
53559
50692
32258
89477
20881
48951
4796
48920
11526
96524
37399
14815
12700
98526
87601
81119
12102
52231
87926
72520
46900
92246
98933
41491
71737
29610
10279
1295
48205
78529
26240
26348
782
72167
96426
84947
75888
97802
94498
5967
29146
83893
10014
29703
91614
29482
99221
81820
75672
36659
42426
89691
64017
55859
19356
62307
37556
51071
62159
49455
65730
41364
16793
88939
74021
4409
51761
59185
96099
42460
87899
4398
40744
51917
70364
62597
93083
64309
97790
91905
2886
14858
84315
91546
3196
84545
12357
89445
96410
33653
87464
52523
19734
30289
47980
38339
73990
15703
43242
83019
82614
27903
82360
5282
76760
46346
69880
34431
51208
22440
10961
96868
62554
64095
83468
78716
46636
35066
72601
68016
85529
34240
3726
16277
8229
14187
75329
6303
10925
35386
74065
99581
26200
10861
89973
3668
87657
4887
63026
65332
41453
9935
61167
1358
59743
30817
96803
921
17755
4909
10812
24220
90135
43477
22134
18888
14747
72063
120
88822
86973
23356
62333
22269
56447
91927
66894
31222
29617
76568
27427
73736
41511
63831
28517
55872
34572
55433
2073
87601
5213
29710
98778
84073
93876
17310
94459
69640
70930
59821
40135
10490
32448
87706
30803
88818
19500
4848
12888
25924
43609
50732
27549
52596
13344
15142
6257
78494
29445
7364
29374
86636
48736
65608
78940
39164
33348
21319
80128
52619
49250
62655
82249
98088
13509
33398
67666
90663
70793
41998
29446
67338
98883
42159
89163
37700
60450
41110
21899
57810
97155
4893
16660
14306
74653
63143
44337
38926
72384
56670
19928
52769
38761
68351
67781
10493
64263
79687
77606
62304
73007
53299
93221
12017
86148
21051
68025
68700
19833
34901
73961
8180
36856
58798
2125
61653
81646
46543
99170
72899
44055
91283
81607
8246
98219
64033
10501
63120
78241
77354
17334
42951
31802
76503
23260
6024
77285
50710
35366
83446
95352
20712
19631
73191
52077
11554
93106
41375
61371
19927
69568
80693
4645
82985
66574
45797
38229
37435
69499
39384
5210
63317
3390
25056
81386
45753
30045
67282
40713
64244
83618
65395
52339
13126
1115
3270
43285
23710
51724
512
65911
88510
71524
37107
4042
27694
46509
79686
57399
94990
28263
46108
69374
90628
41092
31347
10423
27201
895
33062
65456
63794
41379
61095
33745
42623
34808
2649
93859
17640
39200
86793
6757
61370
8908
17621
58655
29255
54
16907
11817
69856
22389
30461
30609
67265
84774
60605
50155
50494
40476
6412
45491
80173
6484
62557
64916
25110
40968
22254
85737
49062
90469
56650
64307
49745
39170
55446
26271
64841
57005
88982
8286
67559
40815
35909
39622
37820
2416
90295
10728
10041
40714
40526
46207
90667
15648
31088
61325
51238
53585
71003
86121
61496
39805
78173
62633
88856
86227
45780
54850
83624
93696
68370
30847
31368
79301
60471
21625
90488
18907
9682
32228
41391
68114
88912
93489
12098
47022
7628
64758
48718
5357
54566
54516
38658
4467
51070
82912
38261
94942
22658
37443
39354
84018
35826
48881
63599
94955
92103
42986
94007
23420
58318
92585
59608
63503
99601
91366
7978
81586
28576
18647
30614
91423
42325
59690
49593
11966
52617
87169
45883
77178
65427
25155
64923
40078
63222
94777
54922
51928
21471
71582
17330
20838
63480
43996
87000
32825
14625
39685
96151
60135
63552
74794
49949
80981
40216
38795
98527
59361
59064
74670
46276
29933
38400
11053
78708
3830
27503
21417
65778
6590
93465
55306
87396
68053
38470
98244
60381
57664
53050
6796
50555
86287
62308
9870
78169
38425
49592
92584
21052
56591
30244
2788
25715
50723
59633
91590
88145
24737
13801
74251
92902
75760
74761
96452
48787
84235
72629
23487
57940
25062
23670
54636
96298
77779
44498
72866
33073
96385
57759
83974
36557
22798
12485
23947
13073
89157
1966
6956
24630
26711
88228
83701
73038
49424
29972
33451
4174
15036
61905
14658
98457
54305
56415
76891
55386
30891
22974
84986
45336
81036
55451
54074
20608
39600
37799
120
81103
77224
85666
96355
45893
18222
12997
54847
14745
91252
2251
7964
67140
16430
59845
87926
69293
16633
50253
92749
91997
87775
11839
77349
20228
2741
95133
8727
92277
56512
98956
70414
93627
68035
42406
69275
91863
98170
57710
62836
31065
1748
58580
16990
38998
32646
65312
50822
37896
33536
90978
63596
82286
78365
36250
98897
23117
90149
13848
8651
9927
36074
13868
18592
35065
43548
86469
98741
25281
34310
17972
89869
97569
43814
24902
34514
36087
92137
92384
90485
11026
50875
5471
53042
35854
77340
4234
23091
12396
24262
26988
63072
54967
11467
93389
32898
45562
17524
39213
69227
26112
70068
8709
5814
82426
65358
50935
91895
27360
92456
92298
91504
86968
67807
47675
55842
96202
32334
48506
35058
47783
2684
72737
72590
97099
95641
74967
40632
97433
94783
21909
87872
2865
95745
22593
18582
77630
63878
68330
37591
8346
50181
24510
67752
50395
33192
1473
41221
57239
41944
22180
78527
78140
91523
52105
56500
73465
92584
55075
66513
53961
9911
65872
42365
88937
51911
14800
83846
80112
6908
53489
51636
2399
348
55667
7108
81264
64112
73850
28550
6536
45403
34313
51443
51556
44683
90230
24065
84579
51922
40486
28771
19710
46018
12960
34896
83438
79903
71920
531
93739
87258
22193
50092
93407
24143
44393
49778
91449
70559
10897
83628
89168
8998
43984
52786
37165
35409
9669
46387
13898
59258
14589
25801
68159
31526
23692
45590
8584
62952
84522
96556
19371
37464
8189
49442
27020
67623
1187
2119
43504
47719
91087
5624
65830
75570
91878
70704
30443
40418
69591
58004
33710
31438
85304
38301
43430
41829
34909
34817
5669
42472
75025
84255
4899
4120
61232
27617
40203
20751
42279
89040
52646
75943
45207
91156
55901
52785
37750
734
81449
90640
75007
57489
9355
45148
76079
82439
21865
10182
55808
84230
99753
28135
39529
75714
20562
36713
24084
6530
59262
65478
15953
89666
10303
88731
96460
50621
55041
37966
7159
78244
90239
86515
12765
41025
32227
92011
43675
66691
6909
48284
7210
2804
59826
97041
62474
38590
34053
16416
73433
37164
65548
89628
96856
29963
83878
62663
35901
48135
39
87740
30481
21769
21719
48944
93456
92358
12524
8385
5539
82100
684
82466
22678
59963
3125
85077
22944
88090
15472
48910
99084
9640
97946
55030
74859
71675
18925
51656
48395
71238
76544
24309
68922
99084
29863
90173
88321
11552
53739
30447
79005
47907
64446
55246
33181
86614
21913
28296
75585
65508
55983
37737
62053
37503
51863
35616
72198
96939
67425
20295
24994
59773
59130
93288
70457
4976
12118
76228
29446
28810
43685
89115
29969
11271
4672
55865
49321
74977
10406
90158
29675
98011
67077
18997
92484
43460
97209
3915
63565
41198
25646
27617
19414
65682
24605
87696
78822
65065
40780
36563
53326
71931
72911
27391
93876
98273
79171
21017
12488
74271
97
97294
61422
70039
34285
54134
57345
31403
37997
91450
36602
17027
40129
37039
44525
24026
19386
18153
81605
56709
5888
7348
54751
68961
56106
32189
69594
39088
39890
68018
59735
72873
81630
71363
29636
35279
77674
18950
12383
27231
52267
69740
84978
59501
75081
97597
53207
49352
2736
90397
70846
9625
86981
86889
85470
56551
50269
62918
65985
51364
68121
45638
37994
77088
34352
39697
75023
74142
84952
98753
64443
45763
515
63557
17557
53637
94433
1578
34966
29429
64352
18118
54770
35010
45635
39846
93966
50225
83850
7419
23506
37275
44767
66782
94524
57511
14565
51837
40893
97491
61416
70791
30146
54393
34090
55877
57071
4987
79695
23901
82914
55781
84542
71601
5473
88909
13258
99205
77119
2815
13104
82637
15610
94199
45337
22290
6770
46617
39297
61263
35715
71517
69694
10819
83261
40048
77135
60371
4049
11734
58994
92527
42603
78336
60856
60434
9309
54360
24284
54962
48041
70990
81865
76818
73000
6605
2350
30908
56627
23113
44823
82863
4549
83648
28918
60693
1252
7214
61818
54368
29219
70817
45235
98906
95094
5040
86194
8822
9183
65197
25522
62843
55678
77740
33073
5333
18991
33757
87915
1740
89267
85623
86049
78420
49698
13043
11546
69126
5137
58759
18887
59424
32346
86376
87155
45695
28971
48361
96804
95177
99898
80066
64985
64654
39700
44954
23413
28084
50389
90676
12731
11578
26629
17269
88631
94663
67719
30891
44831
33479
14939
50576
72254
28400
72286
7006
8275
5876
56331
85982
36635
92438
29093
8105
32819
13430
21327
33747
1179
60301
53217
82324
83943
27197
95590
58189
92094
40550
83363
65717
96432
640
23448
13404
22936
23732
1572
74543
5574
14199
83749
96686
34458
65346
87089
54873
99469
35056
45403
43469
69948
13101
78300
82475
43926
72972
27196
50556
10149
69467
22519
82780
62734
67260
40892
23117
58063
9050
81023
3883
58755
74598
57144
37714
93083
43180
80953
98769
19088
738
58553
73675
41749
77446
24233
36203
41120
19483
73311
94324
33706
51820
53346
58355
86190
52003
88082
82289
27782
68997
72189
25812
18625
67327
60264
54884
27869
37592
59883
15692
14830
60216
89688
33727
96362
69232
53109
42031
48273
71582
75716
49148
18810
74304
73797
62583
62188
74414
91172
51187
44087
23797
75273
6986
47888
44820
35251
64491
40275
20315
57324
57987
12588
4753
72274
29078
88591
42362
1750
27450
66261
31779
33437
71507
19265
18801
85896
96144
79515
58720
27026
80089
57525
18103
79861
25236
46237
36482
93498
49874
47320
75252
33962
4545
78830
85782
45394
53286
45931
71965
92192
68258
94936
19945
18822
62411
54804
57739
72407
85762
53577
57449
27893
87298
57473
24615
17695
87742
46703
69095
35055
77954
2954
5705
81012
55241
48711
87436
8641
23099
98906
89438
74824
1901
12575
39121
24282
40426
82880
58100
12856
54335
14959
28237
31664
29586
85730
29961
34822
5840
59292
46771
62732
31878
26449
94124
50772
48534
9183
46819
16390
59235
74478
55401
37777
31686
98143
13685
99539
9982
31208
96565
9640
77677
61962
35034
15726
62518
49037
58311
8437
4732
51915
30624
67165
59202
42000
74716
41812
66721
18136
12087
1005
2424
6191
27917
75661
39447
20235
36423
68297
48177
78407
92822
47042
98894
44210
61291
32760
19883
50677
87264
30872
38482
74537
3059
36095
87276
86246
65805
60364
73407
56043
76187
14011
61569
58657
47349
37096
75310
97552
74968
60586
88094
69668
36496
31857
86501
83083
9951
59934
66745
64233
8775
54221
29401
10419
77956
81439
39354
85850
86636
62218
73195
98167
97002
79115
90844
75931
59965
92440
71303
61033
79114
19735
86028
62103
85219
18287
55470
89926
8766
27721
89190
82922
384
22458
31249
79152
17521
16198
78569
87626
61114
54901
31968
40505
8378
61192
94678
11289
26939
91069
31343
42230
60902
33084
96251
84381
47453
68194
36878
47778
9892
22473
42800
74452
13977
82317
34529
56172
28296
48443
73628
64901
90487
80400
53556
58367
92300
10010
64527
34933
40195
52594
31286
34682
20257
23867
61762
19352
38726
22792
23721
63499
20169
46448
25535
65992
44398
99657
34626
44206
19683
67339
17451
58210
77802
52023
82552
93532
21683
7951
84972
14678
97281
63032
81319
98818
17656
14067
4423
71416
81446
59350
58832
73876
52412
837
94700
7784
19463
12276
15470
92300
78971
37607
62851
9249
87583
29535
6320
94863
45271
64195
66109
62336
79354
91942
28396
19445
97298
9236
28635
36593
63510
47135
76911
35224
89978
15849
80981
17807
64662
25007
3541
22833
1399
75794
92999
52299
8591
85534
9901
62251
64940
87225
12371
73000
66837
25746
1434
29139
21798
36523
92566
47181
73658
8940
30306
58729
28386
1395
51753
82609
6457
12676
4444
98883
64205
81713
268
97007
3612
24165
26886
95440
93207
709
18837
11814
39306
53772
7104
43139
69123
76458
20785
47922
6266
73705
4051
3045
61176
6835
18263
93795
24002
50864
22170
5087
33033
68215
57407
80781
26612
33084
17442
60347
90172
62822
5038
44825
23136
90316
81060
83699
26409
27161
50400
47570
51469
4067
26838
31170
9364
27852
64480
18822
27835
35725
3288
30639
37134
95096
89089
93776
59872
38796
41007
50243
64223
75598
10326
59749
6374
5736
69300
22555
37469
99575
32317
95997
22605
93027
28630
63183
39070
56679
55395
78141
12829
61055
3244
95712
64854
29177
17271
54070
82760
97507
31869
47117
85554
57388
57503
68960
80663
18958
16360
98862
97174
85791
58331
97447
62236
46395
12474
63961
95560
28834
86371
56958
10695
73098
17037
92876
48089
27547
1932
75461
43998
54031
36256
2840
45358
4299
43012
52538
71003
69802
8800
66237
81121
10024
99357
59360
78515
93616
3777
28119
81964
30774
29091
82746
25852
67737
22226
86130
33839
53892
79022
33552
80757
70582
67211
66160
88092
40058
97860
59127
10536
74584
97149
63428
79352
44758
427
34933
38879
56144
48658
54494
39015
45317
61092
57622
87587
35408
21641
53122
59297
61656
97361
36979
71038
35355
28662
21576
72663
36229
42513
10115
55955
85395
1690
93384
88356
36289
85390
35794
80599
8483
66159
75459
39671
90382
80879
35657
46838
95222
7026
4927
34722
7472
80772
71095
42944
29662
45482
22909
23024
52763
94063
59899
43256
5972
86165
66468
29222
72214
57622
1053
1101
51665
23478
95169
61228
13086
39423
88270
94971
48326
51266
50252
14662
99947
97828
36773
11776
66297
34663
91215
81381
85159
13472
8610
2191
53767
79632
29884
20525
80199
85964
30348
30523
41456
68147
86956
15787
73415
45202
33769
90805
13771
55848
66652
1588
58558
57386
12529
37795
94708
17045
62667
42106
9549
99347
60880
27117
24491
56471
71132
69597
74850
90176
80491
15800
96033
64366
42895
76708
98133
53315
97253
10576
36588
56511
88784
59686
54578
99633
17758
84450
74524
53962
33189
28123
36000
55088
46509
80415
84235
40273
70517
17219
95782
3699
8685
89397
43978
3559
40309
36851
27845
62028
85732
10646
19966
39484
3402
7641
82910
21857
25043
38565
2195
40015
58341
69584
1691
32394
56491
41208
55161
31718
10810
28213
70704
32680
78934
3414
19353
74967
54276
95512
70701
92726
27718
42343
37140
28880
96039
55769
78407
43381
39278
4904
54913
43522
78397
3455
66397
87134
34240
61269
32516
67042
48310
69596
36577
73550
99387
31036
26401
95808
32697
77806
96000
79716
40649
67726
43864
17446
97380
60268
67065
12291
67376
35079
31403
41754
15056
16750
90551
26461
6724
12725
60958
6903
3112
14819
80498
85821
47333
96
23759
96237
79679
26917
41345
19161
56422
63110
22850
95593
72709
45760
50496
12510
26400
75920
49199
69532
69647
19946
31521
74302
14832
31324
87958
65149
2444
39110
51862
64170
65289
90639
24087
19797
15540
5482
19287
88522
17367
54652
1684
36699
60952
15220
79336
21590
3212
21817
38739
68715
63909
95230
80508
61474
14779
8137
68244
54945
15041
380
40579
28298
49661
23695
86890
62055
19507
26889
71220
66521
11039
79751
9614
97176
28565
18983
77554
2018
91812
24904
75654
79242
91968
44793
12766
5689
6510
51653
28088
56951
58764
59625
78231
1751
21048
36592
73066
29816
27656
98285
14555
54219
64845
22618
95659
59465
44026
84164
431
79821
23530
27896
62814
77343
3469
81100
60650
2095
47128
82647
58431
9729
11569
41692
25831
95133
52697
85599
78974
33090
32322
59069
47522
52248
41821
93164
60402
67907
16633
59270
86260
40500
57540
96189
35015
31522
29160
8103
44553
54070
67833
89604
99804
27262
58765
57187
21589
57810
98563
16347
57260
91781
73870
46978
32604
90168
44752
41375
1946
4411
32053
36608
46320
34588
17079
77619
89121
46492
4249
7756
90059
87876
51109
14939
89736
80685
14656
30556
2082
70068
58522
47553
26768
88620
97586
94397
31284
38243
94349
57843
98954
12019
98911
88696
79227
72304
75589
43567
72733
20280
75184
49588
11013
89250
90816
54162
176
78800
64801
9440
30341
54134
83135
67607
58968
61318
97468
44021
98185
5440
395
56994
78803
39818
79814
62840
11052
30081
39887
94328
6374
15881
221
80317
18394
72588
77707
30699
30590
41481
83543
71806
82778
42287
80283
38087
24540
633
61602
21878
96520
40877
55070
33824
19888
47489
12060
60759
4661
50138
34610
92777
78368
25550
10471
24572
54868
37562
7423
53359
79163
82614
48159
77026
54975
74294
6247
96596
96236
59505
36964
69387
2447
46667
98492
58778
9009
88705
85914
96623
55405
6138
62424
97297
6696
84084
52589
2279
143
63310
14981
37511
96200
43616
49542
96639
37143
18016
90261
88131
74761
87138
76355
98860
61644
71973
89650
35788
8586
89589
38162
91246
82671
51005
69247
85827
88403
29825
48593
51977
8866
74258
22122
59685
92948
88880
27573
26985
89965
21653
99005
8790
59884
96648
14267
63074
81526
96714
91528
55453
49295
75659
45219
35715
20758
43131
26203
42889
22222
44315
33185
86099
27360
52920
96001
10427
28473
1873
10841
34435
14127
88841
33547
29819
35066
16151
52976
14489
92711
18367
35253
17023
87165
37473
69138
26599
49411
89577
75945
45973
96242
44609
62474
4018
63498
30908
97562
16228
18405
51234
37184
67519
96879
87605
17138
47000
12948
25278
85238
67626
40536
41591
90953
63279
23711
84929
65065
24601
10463
60304
53932
95734
75209
2436
51968
64976
48390
21497
11343
96497
98296
69876
72625
42867
39993
622
33134
96450
93829
15240
91334
44458
42978
83468
96304
29827
73078
60103
56298
83201
88967
38305
24507
95643
81114
72242
7761
54916
65856
64053
45582
41523
80107
21975
41130
27793
46877
91342
26993
1439
44282
19990
70853
20690
12178
53794
11582
28873
90719
90437
13449
40195
33371
1738
41530
38729
71135
1476
60544
52899
6776
42835
93655
28948
15611
6355
65623
9152
13527
84126
48593
81803
54707
64042
9425
42257
75601
82052
20213
21787
49921
94951
1159
91383
33986
37943
69155
32444
9288
79735
68667
80356
63032
95844
13470
29203
28835
91416
87916
56311
12204
40824
79790
26676
29315
57945
95760
20445
36269
31770
57920
59014
89363
20936
57187
53430
47182
98040
9330
96840
65997
13555
70535
19486
56997
39402
48572
27381
83491
56896
47052
53221
91077
5991
95209
35389
73680
36195
25690
36804
46324
2863
18205
24313
40952
36952
33513
82792
68955
53488
64950
90911
42362
75956
29243
904
43098
6468
24653
7648
48780
61480
61533
64270
81523
84424
87839
44641
51994
49374
28001
17218
94675
62197
72596
52693
64435
22377
64742
41554
47033
65568
92424
923
58057
50264
14617
61258
86607
87296
89170
60232
82328
36702
52400
11267
488
7068
63540
15198
48367
2829
3304
87204
5218
17603
12386
83846
62765
86342
21095
32549
89159
19828
4921
15702
70064
41958
63496
451
93444
63483
85753
6635
98908
48721
12728
55083
23974
16226
34434
64984
40841
45893
72486
24672
97463
78907
16968
91034
95085
91284
58126
54005
44269
34888
7370
68032
26981
75332
39895
75739
48000
88062
32630
5912
44464
24352
47773
12682
47081
93029
79764
28474
15677
68241
455
56920
16341
47325
33786
7954
55951
12638
51031
8007
70072
17290
89850
86172
8421
52084
29468
46225
90009
95367
63776
18408
62984
25461
60238
13639
21966
79631
98279
3118
76515
32482
22948
33322
3774
73696
5114
69653
33732
30595
85851
63015
33866
567
6579
58838
69002
80971
41018
65860
41973
12075
98470
12693
21412
58737
26629
26667
71421
87335
80783
11773
41590
5977
20071
34489
79720
64339
80033
50247
99423
29144
91193
7820
43945
8273
27280
69366
74283
79153
48982
11869
81298
75510
31531
25474
77406
42427
97086
34578
37597
57371
39043
4582
42643
14674
9747
16872
31802
27147
69056
7487
89111
11563
81072
71294
80989
92425
80918
61365
79267
30252
73628
7776
98801
30313
72172
34592
94335
15503
67823
9674
60914
69246
20675
86891
4117
98908
21907
26163
82701
66611
94410
83842
6147
28982
88268
18996
29308
39787
71648
9431
31752
2729
3943
78748
99521
16149
33534
78649
56222
44165
12904
95200
72841
58825
14098
78476
25917
80392
7997
94177
83668
72004
58263
45298
71484
73403
69408
54356
56886
75837
14441
50867
40272
90208
37260
21379
73707
83337
49304
89228
2696
1642
20458
77337
23155
3178
55405
25049
41729
8169
59141
40192
9999
48112
19718
42597
27152
92994
41562
49579
7849
18169
15082
57606
11332
13344
76971
35636
78555
97341
447
6054
63965
11743
85941
46461
47939
19286
73674
66290
76258
18587
46055
89845
38671
98720
33652
55501
6849
68718
7391
24431
81018
28937
77938
5190
43253
33094
69468
26554
78490
30886
33668
8264
74784
53478
33611
3499
88166
5283
37714
47659
92391
83736
33743
3664
120
50090
97656
21869
4197
21241
28558
41470
9972
3683
59267
54321
94670
41476
71231
85807
51809
27766
55645
43380
44119
26123
48456
18336
42314
36521
35460
93328
34171
40683
51818
93235
14815
92424
67262
64944
46033
13209
13171
37482
80509
48001
13894
79936
1689
22557
16110
28532
87790
65418
27928
38569
10030
86181
45740
13185
27565
64376
48282
84912
18543
32728
68090
28368
94068
92351
52741
2495
64408
90450
69209
42385
19817
35745
2444
68746
64792
25061
68292
21544
3593
35867
51798
97687
90315
84590
19404
69620
94714
68531
48935
98635
62704
34409
13816
36563
12251
18588
52726
48621
94858
10908
68458
67144
97724
83813
5358
90857
36532
30265
1064
85681
45579
82714
28365
77364
88279
98955
14716
20409
12355
21839
2230
80873
18887
63558
78541
64272
49841
21063
67148
10538
30171
36838
39546
10999
50295
7604
55111
26022
46565
92028
19934
96496
84809
20835
75007
76764
51581
86740
90031
84710
18570
32675
61473
16670
48975
52389
70845
93322
87930
97836
27689
4080
7784
38222
6990
14175
60281
67897
80599
34592
16405
77884
84595
77707
91959
65424
91555
27158
68465
4979
3070
79683
85524
12074
23141
52230
18557
8815
3163
68965
6762
3596
36291
29193
17119
90185
16293
65377
49120
62159
82830
66071
10945
55674
79352
15056
99420
92978
45364
78561
21644
94509
56858
24628
48449
40006
68717
51955
19830
68539
6628
55087
74299
74268
11411
30947
18396
79837
3676
95011
63065
30503
18245
46449
31941
89149
13173
43944
12485
38624
38848
34867
62007
21312
99324
24399
47799
50205
1671
42183
92987
30360
74874
9759
51220
92596
57741
3543
96488
3271
2579
18963
36032
2319
12873
52199
54630
78735
75200
61416
42018
1512
54817
73358
4916
7016
10491
74267
15012
89282
19709
61317
32243
63331
3542
97632
98849
82918
89569
59069
78305
66191
5935
75528
63147
86835
48447
12560
67662
64614
26151
9580
37124
40757
30948
18754
46920
67408
96629
74542
10527
68617
15428
18368
23107
18095
95985
47531
39164
7360
46020
80939
35715
19712
13694
79626
32950
29284
79401
52684
82823
89210
58034
40554
45626
41495
28603
935
32925
23255
68509
67368
37236
5688
61193
55962
56123
15213
39503
35024
9356
79688
47899
65792
54347
20904
40541
18955
65162
76661
69820
93684
94453
75539
94174
84451
13971
49534
15633
99258
50542
84542
79685
88057
13508
48578
12949
47060
60953
6172
70461
75934
4327
93824
26752
43241
55116
25085
53567
45678
5878
33448
7192
8561
15875
95758
87990
55221
45598
91717
95880
95298
68870
41089
52121
12433
39894
60030
7015
99844
85412
25819
42519
14527
24828
94497
18281
96713
30529
44096
88121
43690
53481
35846
12546
44996
25190
26229
58471
10465
95880
67583
23887
33953
77742
16320
73317
28940
66423
4256
57344
33581
78202
2556
51003
56300
4419
11454
89262
34965
36180
74450
55185
30854
74659
96714
77478
62191
35010
21057
93185
68623
27058
47331
74830
31152
30212
87438
28095
97872
61410
40982
53835
41907
48938
153
53506
93858
52741
16847
54839
83171
66349
91125
70408
56653
10743
9667
39621
91664
55176
23844
73696
90366
50684
7381
8898
6126
30690
80077
25919
87305
55728
1284
5012
20561
77989
13612
6634
91746
26081
34013
38268
28287
34441
30059
58038
53809
88452
92272
3635
15188
17222
35201
39601
956
97843
14535
7476
6135
36534
75449
97474
75203
79348
13700
25102
1158
97302
13816
13018
49718
93404
39660
36818
99526
55541
74945
79096
67694
74843
68950
83771
84592
53015
77963
95108
72844
85018
66972
4308
34463
66660
56784
27597
6671
42586
94643
61575
95627
89513
45461
79186
19798
16068
66239
95032
73864
34361
62916
70230
37793
89019
81120
4644
43247
95619
76577
29799
89251
43547
96438
22031
67053
28245
39290
59774
1620
23771
935
20781
8083
36499
39654
25841
25335
21921
52542
8721
8194
648
38401
16582
57617
99589
27400
80028
86568
16040
35192
83146
21491
80899
19801
80732
10968
91179
94590
35322
7599
92632
23895
44474
94900
97897
10255
46316
27593
19705
4943
49861
61257
288
81700
88551
87819
74400
51200
89774
50648
51822
83015
65393
16848
82225
11151
40049
5918
56404
25108
94216
4215
83181
69746
53652
28609
62236
1777
71340
33599
39088
85723
22768
57906
87787
96322
19513
55214
99535
17679
48546
74810
32503
23926
8244
16910
65837
41712
93617
40063
56085
63246
88901
41932
88476
66761
87442
82294
26862
82580
25282
43997
44689
32363
72011
90302
35130
696
35888
41913
11563
48847
13763
86252
48191
60684
43033
50381
90810
7375
11150
23445
20558
86143
62493
28136
80759
20367
7108
78745
14358
60694
67123
45102
3494
32778
61717
64267
33594
42950
44986
35725
60088
96137
16981
99984
40884
28292
52887
8180
17006
14325
59897
88690
27431
68550
98474
78603
63763
16487
87429
67191
71752
6738
99131
69332
26031
91998
11668
76471
52292
19207
62877
43302
90049
35151
30830
77840
74586
69937
9340
78699
84544
52910
14550
8332
87083
16934
63885
82502
9573
60889
2783
64575
23134
29983
61828
62526
56095
44706
95026
27511
7756
20381
24494
70930
20722
72883
1868
40740
14707
18311
73754
46311
63671
2606
54817
5666
94837
2962
29899
41153
12829
29239
10750
78643
1309
46060
32266
3525
7053
33747
91699
9829
2699
35983
14878
59571
4835
11579
35995
97444
93498
9756
33909
44433
62459
51476
63449
38868
92684
62968
67071
11816
47840
48564
99184
45416
56403
68017
40276
15986
91445
67164
55827
93450
18389
80235
58741
47722
50406
58582
70117
40928
53941
36544
78973
30908
19994
67386
56684
90196
58853
44558
87765
88671
44180
10187
32278
42361
56841
88367
78392
4661
835
1312
87292
52315
29510
31444
82142
62048
44348
52289
8872
23022
97490
40060
33011
60176
68251
92773
48087
20629
92172
59136
48677
76867
29175
85284
55028
4646
52951
5775
73754
90759
1840
91588
86880
58008
45864
18730
47323
21315
97702
41669
55133
45214
65767
87589
23275
59517
63307
94745
29046
94805
36475
95380
10595
41306
7128
73269
12564
40297
40807
94824
59546
96993
39529
58674
47896
52478
37601
64437
35786
22307
36624
32873
54
900
17125
99799
37696
65062
40366
74901
83370
77299
85129
14102
40626
6116
66750
64965
72579
53828
39895
80315
44018
2368
40091
90640
93186
67251
59357
18118
58834
90737
7911
91107
18277
2625
75508
22394
53653
2172
21717
48123
5391
5663
46831
47566
60011
98635
79870
96802
66259
19581
59876
83809
83888
19522
98944
47261
17614
64832
38980
15136
57510
15615
56355
86218
77804
57907
26916
4707
72381
26569
93428
53129
54620
57944
13716
6149
90407
40774
86823
79939
91824
13932
76288
19490
2999
9594
70001
19540
96058
46256
37014
76929
16930
21972
10311
97705
14773
57998
78540
21210
97356
58475
68925
79411
84752
6172
97206
52677
9186
76445
78269
49159
89513
72482
27427
97454
72696
21364
69132
99321
84570
4131
64524
22683
70356
72213
59967
80052
85804
72331
29616
74810
64412
89757
65214
51642
16762
88110
79656
42584
45265
2031
99409
38080
97672
99713
992
52923
16963
38827
44830
2039
98414
31520
4416
53262
32463
58971
54291
73527
97514
59769
30121
34522
57173
3766
18674
96248
76607
65715
29885
13493
27678
9546
27475
83390
85367
48118
23495
31328
20794
60844
86127
38669
35667
92286
96825
24699
36608
82909
682
68795
82120
5377
64072
32751
26295
54474
88620
51420
74916
26517
85077
19671
32474
68295
90257
13848
24788
76123
92376
68289
87567
89637
6900
96268
7871
56693
77224
18907
51574
13936
62562
90900
28278
83238
14233
73836
90287
44030
38191
94396
24926
38071
42984
47675
77795
4902
28450
478
84347
43127
65423
88150
8735
47859
17807
74489
84702
62451
84297
66030
81083
52250
24016
23213
6684
10685
22857
65510
81854
9836
70646
82662
83368
18169
36895
26834
53796
28826
35068
49112
80658
92439
44892
81889
25977
24568
81879
45044
73668
86693
66272
91606
53379
52074
3724
33257
50416
35790
68687
67549
96809
32600
99230
41437
67241
14266
93655
18951
85328
70413
86841
3439
44486
50549
55022
24913
32070
29237
16691
80777
82793
57154
63802
75354
48749
85489
82185
31979
85516
6377
18545
25463
56146
50421
59037
80609
60231
5204
99240
87448
8518
16181
26292
93392
14746
80299
83175
495
22755
63905
69966
98206
34804
17835
11260
45609
34273
48231
74060
14757
3470
32614
14375
60904
42489
14819
38954
38560
80354
63178
52074
32936
52695
92734
53876
89447
35331
99821
71088
20542
88862
67227
53273
48032
27457
65760
32098
20071
23751
63026
2061
2263
5986
72558
42542
45389
89263
43417
47784
59002
12443
38327
8681
26057
81123
67692
24702
26317
34985
27395
26141
7391
88738
47802
2331
74063
45119
22168
8896
1828
69134
66440
96352
73814
60979
99682
66214
18259
13405
92297
64166
66700
75391
57031
85334
62273
15466
36837
81350
43366
20126
88517
77035
21139
27588
69142
40106
11805
3888
30039
22323
60885
5021
54251
94697
53518
98297
45956
93000
11337
74024
60105
37700
53099
6114
98095
3647
51444
91352
84009
26740
81506
27366
31784
616
25809
46315
57539
92290
66584
30435
59643
6208
69538
1408
98171
67782
17019
80334
4884
67659
61968
57522
81322
20352
66965
34642
41480
61811
6035
39214
89620
92091
77688
42745
33149
66952
87112
72788
42528
77873
52953
79209
29937
57867
678
97408
31822
80254
93044
25822
81955
21017
31599
97212
22052
29543
18700
31335
83391
9718
54490
63380
72838
71031
43067
55414
52077
16814
25705
89737
53092
56126
11779
44847
50750
23890
7013
45358
57484
45580
68396
69844
70265
11112
27008
58846
90627
52686
89920
28287
34751
19632
95919
8703
46546
1911
59233
51755
6433
26047
85471
9524
65295
42557
59513
67468
78270
36052
98513
94958
95858
36119
24545
90860
25450
75637
42287
43666
83003
35971
18869
86385
86029
58594
16231
89264
68836
92584
77289
29045
85940
49738
90169
70626
63243
40931
2031
94712
18533
30226
97409
11885
39671
51540
56537
3591
10004
21125
53958
25246
59098
40429
25250
17770
56086
77813
87414
65652
18400
87830
43307
20551
36916
71743
78119
51980
67999
1696
27012
92633
2694
29319
60387
12701
38781
1571
39568
9312
53525
49536
75343
52883
50721
70863
92682
33694
18891
13011
73135
30355
17642
80069
4295
54166
4840
89905
60302
28430
91250
24051
9466
38438
25370
32482
52538
90042
7334
43653
61129
86534
68496
89754
78820
19293
10598
90577
34042
84082
3901
18865
34098
23993
32396
89459
52446
54656
5662
31916
69305
66752
53634
53536
70463
65055
55523
9592
15975
80696
22419
89066
42665
74595
86388
30235
60699
99800
82560
58719
3233
59377
56266
43112
74991
72511
48895
38350
41830
85402
56777
4111
68713
57662
15819
68719
849
63575
37475
89912
91389
94929
21788
30121
54495
93430
9400
71669
83904
66359
90022
79312
34804
59229
71216
4430
79767
41463
80576
64819
12686
37278
54188
75961
77992
59237
36065
80705
67696
22634
4334
71332
29930
17551
31135
33128
32747
48869
73917
73524
25715
38070
23999
556
74413
8718
75239
11463
23787
57226
65788
74061
70001
64800
48963
87016
4494
61645
24129
28373
11217
4729
34187
89159
23322
24094
96202
50319
34343
5504
31255
7906
28943
99203
91974
38211
18975
67591
61197
88794
35168
68935
13283
56153
1647
32681
52652
22993
32704
75690
20461
26216
42104
63785
91841
34946
39125
78973
55529
4114
22895
96541
91193
38269
83981
24686
29185
95779
71488
10373
4936
75017
43332
86070
74405
16125
50425
88503
34567
92731
57120
5845
54604
8753
42989
57715
71633
21783
37037
40817
1510
33906
7274
74154
43591
40239
92139
74065
86366
95465
20898
94294
85498
73681
79588
49891
60404
31011
58286
14772
99804
50793
24464
17502
51286
36494
3789
57546
66603
18977
162
38462
42418
18260
47104
33236
77797
54583
54866
98700
13647
64603
38743
98017
14183
42779
86155
70833
84285
78736
93138
16201
65257
71898
22275
63896
29201
31726
96220
61605
98706
79781
91622
65952
24220
59046
5775
82218
68978
30527
72406
43903
96220
68653
55932
18247
47046
69225
87273
50346
92636
43406
29737
86886
43860
72097
73307
44632
77244
46820
90544
63351
42232
35623
61855
84895
26487
36171
34057
63318
32974
42834
61595
81463
44314
43476
45637
89832
97638
88144
5677
76689
90075
78209
70073
76924
94926
86150
23864
2536
27639
25739
40744
90791
57041
38136
82637
80411
6011
68365
47586
53502
62301
31964
95289
14609
82543
30661
96338
89597
57818
24158
6470
55689
6775
81172
26098
19319
14554
94212
46159
43903
50112
13686
41954
70448
51678
48331
61292
11790
96076
76460
41819
94249
68816
97348
2463
58683
67434
24806
57766
34324
26488
16238
25853
94061
95832
29616
87113
3484
80330
34972
19504
83449
93087
14391
49263
19971
63964
86471
89045
32422
97809
91264
36064
16532
18017
86937
23746
88001
18881
40844
88628
26281
63358
7752
49302
19435
9097
66784
99760
82524
35494
95460
58833
29149
54835
54504
85744
60371
63966
18538
84488
10201
87970
11269
50854
15308
65657
74036
23056
39285
80851
15878
72154
81997
99469
20136
54265
58976
3009
43469
72792
53026
79877
66615
68127
59841
42532
48418
5765
60031
57706
84450
44468
74840
29843
45137
14123
30027
11528
84683
64685
84459
68036
44783
72206
66601
77299
5749
22163
53070
49273
31185
36082
24538
34483
56898
21676
45176
64065
6969
54950
25102
41861
9119
83748
15259
98983
63187
47755
55976
60428
42452
24111
62189
60246
80367
57488
63618
2798
74855
91665
42835
43140
13063
4000
59207
67012
35747
82239
53427
78473
49092
75129
79321
60353
82594
77403
32960
58930
4331
71784
44306
59524
78921
25283
40197
57644
62865
94307
58085
16891
57410
94922
84634
74119
79651
3658
53463
32708
4259
97833
22616
83212
32837
39836
25055
34412
8141
12096
1874
31681
82611
5968
29411
39599
36856
32165
28443
24868
14602
23017
22613
97165
23580
87735
61632
28917
99327
72680
22790
60326
27420
86213
64642
98154
48984
21798
1060
74806
31663
37677
65483
45021
12047
69075
21643
38976
24379
33906
72871
52502
95758
54114
98681
90336
17848
63108
84674
69020
18291
93486
53617
9969
35897
85559
133
51926
82751
43251
96738
81417
35053
11800
66329
24656
1553
25897
60182
11598
88982
55329
74986
85037
4224
74225
76056
80979
6833
68888
283
71414
15815
45265
19040
85033
53647
65907
82646
58935
13385
99467
7361
17925
24030
45821
13215
12234
50145
27718
35283
58407
40549
62997
79646
52997
64840
62703
41649
69514
57363
26404
72802
53244
91510
62971
7687
87911
47384
21308
54568
99463
50924
55803
23897
12255
65543
59972
44792
87667
83506
27433
89801
77166
66886
48671
13771
50588
41724
45009
87141
74298
98721
28316
49371
31265
34178
2827
19159
97079
32686
85550
89402
19254
64014
92759
45185
9467
34389
782
2622
41158
80841
44657
97881
9985
31704
2166
35040
87514
56407
9247
26955
94349
26877
72071
59804
16454
21432
20148
68277
67608
87272
93789
66005
75946
45335
63549
68323
54303
46456
87147
62040
10428
21387
79210
4407
73110
3183
17380
21651
58829
79764
64177
38028
79358
74736
95231
91586
94146
24933
64137
59825
80941
89324
73868
33136
86346
90508
64979
24499
8533
47912
21537
23743
34172
12062
87079
95650
16802
74649
64993
59151
2392
15067
55194
5785
47556
93382
50438
62610
48162
11941
82146
2382
66761
30351
50763
45224
77485
35856
41412
40154
91399
38124
1950
7801
69532
37742
76507
55496
37941
46216
54154
54016
49121
83392
76045
31103
75937
95460
69905
94238
52947
82778
53578
66483
44549
91655
23723
81869
86420
369
23265
50156
70458
13247
38338
69739
8009
37818
8276
53219
14207
62566
1866
40599
77771
98735
82792
5693
76780
16587
20988
12434
45547
94958
3026
6803
11358
94527
43745
32375
20769
234
50635
80291
48937
12442
73813
1213
60975
32912
20042
45284
25477
71921
29765
85663
86301
10970
65828
22672
45005
78351
69703
88697
34320
58410
68662
16768
77482
79509
60861
14825
74207
74063
82996
21269
64477
78189
28316
98240
51702
27496
2238
55932
65201
93502
94111
3250
84382
50358
28439
85082
98582
78745
53
23226
42107
79914
21123
29895
84489
62614
1508
65968
4643
81985
15005
76031
76608
15627
52867
59891
31492
59160
31153
78976
22963
28608
47421
44029
85845
86724
84168
30827
47901
71866
54385
67851
72900
25645
64479
46987
97086
86334
22999
68841
5901
47295
4053
7307
14480
32126
58154
63015
61989
58273
19603
29038
60089
12111
5344
26712
92514
94364
49801
44794
63972
98730
18670
18617
30915
21786
96057
23890
56797
83090
4800
5098
18981
38007
58357
59548
69545
36885
63858
7871
69633
68353
79979
94763
16805
99959
71074
16171
98178
65305
15647
29232
66937
37456
34041
92659
25068
70000
2105
59557
88531
67214
38393
2642
78927
54869
59203
7849
31316
37344
43312
35693
44064
50674
17732
87119
60263
55768
35904
98625
17172
38642
38303
55822
8383
44994
78903
67208
74521
67313
30762
83484
41846
53307
81244
64046
41579
61889
27705
41898
60148
93585
90503
83461
13828
51229
89501
47276
34622
37734
77274
27005
28796
74001
67651
20868
47343
65814
50013
18850
20141
90201
64503
91699
96695
91334
4898
4582
75821
85808
53801
51731
78477
52631
31094
18358
37649
31269
43821
29486
5607
33514
27001
89898
30414
1597
2717
983
78929
55958
86801
92285
22446
1157
70444
77583
87124
13730
19467
74942
61038
15006
38087
34453
62757
81069
39517
42214
92224
97632
9149
11375
7912
34652
54211
74146
87748
26692
81320
2798
13559
81250
53883
53516
48297
83333
90885
51825
33568
18244
12178
49202
29367
95720
78368
8378
32667
22448
67998
9248
63146
2298
69788
56317
70493
91668
21659
99397
85190
81743
65279
8985
46547
25183
92966
85720
63921
45261
16962
21601
18436
99426
79227
48377
49196
90856
3447
69644
4591
32322
62490
70238
76735
29756
50684
9919
5852
3661
81121
45802
64898
48227
12463
16389
48302
55934
22615
38118
77497
46524
51601
69899
69956
25993
57655
14654
48581
32687
19813
52724
68364
51465
30562
44189
88267
72036
38561
22433
45143
42756
15945
96444
59454
78922
47475
30910
86671
52075
15564
90252
30890
17712
36737
87086
92241
92811
56146
86901
42764
37312
66098
1054
35664
12657
16284
40933
27498
99418
25933
14788
82226
30912
95285
79051
50529
99966
14145
69468
57144
58724
28634
95586
10107
95468
1273
81340
74459
78383
87786
76044
66880
99353
26652
16359
36796
3217
52516
6374
11240
42668
30357
67270
37005
85720
17817
17507
85296
72623
44560
69483
88226
77784
87384
41183
92747
97832
22096
73267
4963
89044
29861
25629
34597
14515
85514
96002
25372
13899
56836
79971
61056
97934
80423
39130
31444
83135
36909
68365
46263
51054
25485
51446
28130
92544
15988
67122
15584
88076
8173
63432
20864
52383
90539
76909
33745
69378
93215
97483
59469
76744
98188
36921
73386
89582
17890
34525
50343
42288
12623
43473
4440
56632
32064
5341
89879
85852
22153
21237
73517
48752
34359
514
83936
19849
989
67439
905
90539
12857
3662
45869
75829
42036
47919
98028
59026
94017
61910
49188
15288
5517
4324
33446
2085
67525
31502
82445
34618
13377
18045
51565
72455
74678
73964
99593
6860
11143
63500
81245
23149
89516
61384
86233
58173
21158
83814
5436
92389
48719
33536
31778
99123
42095
82096
48500
57571
67598
14748
81642
92574
75029
5835
81127
75203
7088
45636
28134
79033
7800
91272
32284
591
28304
52502
96661
32670
91067
26160
64921
9062
29789
69966
1312
8924
75021
41905
4526
93591
34987
1893
95664
87332
73467
92588
61244
7531
54400
43741
19059
27685
30860
51245
51947
27973
20920
53272
27961
88325
75659
29767
9439
83525
94726
27038
39077
70678
10361
96189
98111
19256
98764
79494
95986
11617
31592
4157
8928
38137
73515
53833
22540
26096
60379
91620
85643
60808
32106
85540
51105
74178
22080
63597
79287
19708
61850
36687
2016
8184
31575
76719
69288
66335
26401
64566
30653
48357
13326
70901
43218
25361
32295
55424
2844
17521
30800
39728
47342
11137
63769
26711
2794
51739
88640
81150
1209
88791
41321
75400
94088
10736
80554
82601
98512
86260
86612
72456
52581
35107
83861
5651
50444
1806
25156
29289
73883
34222
18522
10508
98680
60218
14450
24327
17687
97021
77371
57652
22549
72174
94259
55262
34800
9686
10417
22000
97851
56009
65682
80921
62685
32127
88200
90677
48004
11123
34829
96991
28144
85942
57664
32433
33620
14282
52537
57984
55823
45678
45229
45097
29022
71106
90710
46985
52167
23475
56857
62825
50675
26862
17753
59077
8047
8623
84262
10358
13622
38034
8873
62270
90312
28854
46340
24098
18352
85879
43093
372
54158
87776
279
28617
21094
344
82906
697
30467
94117
61105
40542
58607
84479
9300
2230
87062
71843
60312
36307
20404
21727
26585
16511
3452
3914
62668
41692
71264
16982
2870
76967
72535
80378
41648
84470
38245
88986
99605
14377
11505
36950
64388
75827
70844
7736
93825
29756
69980
33721
42758
50659
78717
22005
79631
96908
56863
83354
80937
95608
28959
99074
1337
73394
26199
51406
72797
69147
3575
931
22590
12962
68817
44509
14242
28244
79967
15637
35003
3176
2118
82256
26107
43005
31607
94632
13268
85733
78151
94309
68278
31104
9459
50010
90176
8551
92744
9254
64828
97360
31802
59882
87001
57491
642
39531
38171
49961
23124
42693
64687
6632
79169
50797
2107
45707
57020
54792
23955
18082
61865
15898
9193
12447
59870
7688
4090
32436
76624
18483
56881
10326
33559
39106
11015
91952
56101
15658
353
11150
59420
45286
70046
88406
54120
59050
33619
3691
74615
44347
48914
74733
95474
53234
68784
77071
96313
13753
1308
39726
47924
44394
57201
46705
3795
57342
43020
59481
77653
29198
19927
22629
70763
94225
91056
54139
83347
84710
87260
60732
2554
730
20228
56804
25145
30365
76240
38395
32452
21151
24173
61645
71226
18214
4245
8705
87951
16931
48380
534
90780
95957
80408
10927
98959
4013
13983
53930
60569
58929
90963
91647
77851
9601
94195
98146
35609
47931
54470
85260
37279
91618
48095
33981
32354
13800
98344
8714
96457
55207
38586
3889
65886
43355
35543
17331
98868
4420
28492
63260
78386
45214
14377
32193
77371
33410
53923
97758
6339
81962
16829
90260
35411
53102
36180
46451
16682
47430
81069
91214
14586
34667
23847
2122
45928
88289
64365
51857
51734
40356
30714
19309
54205
68713
55552
84422
93522
27930
94068
34899
95401
72389
10766
23853
65672
83600
77547
25260
94958
43642
11554
77581
35056
30457
56007
55993
66320
73116
95257
82483
68223
83252
71532
57223
37775
1732
53988
4201
83851
82322
27396
76261
95435
8189
56397
93687
18791
78809
24148
87219
20225
45472
80875
59801
67674
38661
60945
35926
77616
68877
67165
26810
26422
37574
25148
43836
62808
99859
39683
473
48952
11890
94378
15271
31942
57324
8366
37687
33551
28488
24254
5796
41390
47359
5535
8110
35164
20291
13715
40848
14556
7896
39019
86002
26461
74901
56424
36875
13061
23297
25684
80969
1365
44538
21024
8005
61760
83705
33003
10891
81316
13425
20086
373
80562
6755
54793
63334
22023
94547
63281
49493
17581
49978
58590
51086
3757
2771
95873
93279
87019
1546
6790
73436
56948
68842
68290
2406
91261
87989
1978
36908
87507
25363
30310
9948
77208
68112
93395
81799
26433
91761
86646
5912
48144
62298
5322
97794
20153
11028
4440
32751
62482
99236
30209
39417
68428
14311
76771
7830
40102
30296
42890
48626
23159
68862
11862
26801
52121
99562
16101
14610
83600
66762
95189
54266
38545
44708
36352
49733
61449
37114
10474
22263
54252
63564
42224
98572
12408
34039
86009
65203
94750
61453
89504
52159
61250
1624
12813
18505
69106
88180
12491
38456
78259
17183
40536
11798
41295
54608
26144
6310
84439
96153
87921
91727
64596
4523
97097
23123
6658
86153
21432
92654
94384
79622
47837
33357
34485
23630
722
25586
63304
26947
64333
37427
97388
63934
48950
50038
87281
94179
77252
75577
44315
19369
82224
21252
24481
56142
60889
70659
5696
49615
1242
33220
64173
15084
3920
91455
27603
23720
4032
69565
16048
82813
95866
49009
38021
77633
60479
37924
34994
13951
57113
25743
76916
20547
42021
43284
71177
7432
59618
86846
18679
48292
89587
14772
21271
50842
91588
92735
8015
7196
76521
99488
83302
89728
56425
93547
79068
39839
53074
97282
44677
92588
45257
92884
97230
60161
83097
29756
17814
9534
32982
34758
34857
65408
61612
26556
78041
36321
20258
17879
5996
84491
81127
49962
87684
23943
74964
85663
52588
32921
9561
41874
93119
39251
31788
43876
68799
22625
16847
43287
16955
48770
10342
19402
70659
99499
22653
46321
79138
64129
29332
87585
45620
92530
94705
7414
36308
96022
42234
52072
70000
73182
50564
30517
63787
97709
15783
66718
84216
79596
19435
95635
76651
79249
7844
8541
35113
99689
34119
91346
19722
92165
82890
40808
39492
86852
34186
49848
41908
99720
68113
70204
49408
24429
78109
82240
46567
60272
45878
67041
60267
75786
80565
57593
54044
51833
99925
12694
22988
94134
88246
28658
3864
81046
71556
37490
51315
30196
28062
11315
35352
64789
36971
8091
34780
55346
68631
98771
27885
49735
67200
90670
4381
92453
10618
87791
48356
29178
2286
22211
52633
27568
13518
23041
16101
50741
49316
52013
62924
44068
98704
99411
30649
46112
25177
91506
14134
1501
93679
37854
15190
19953
70903
28026
44100
60555
75957
69518
38365
15914
54646
14211
96
35544
17012
44662
56455
67675
18130
74011
35891
55354
29418
42770
169
61006
76749
56082
36865
36717
22767
75513
56585
97855
78844
44796
531
71026
94207
83500
97167
79952
4104
16386
11143
56936
17082
14024
47856
45008
49206
97221
80946
81726
6960
18386
26518
51936
67467
85515
46766
76593
22196
86541
95746
77357
43020
49957
28228
97142
71539
8149
39123
10953
56032
25707
90581
40842
93495
91788
60037
6886
5538
1928
88947
69972
31248
73431
92030
11306
58743
98168
64641
7987
4084
60082
51431
38699
61617
70171
40701
80542
95288
32270
67902
58641
61323
56739
87353
55643
59983
67074
81023
30247
78385
53362
28169
54153
39438
70342
92112
46933
47574
66430
51726
91736
20513
67304
77237
40504
80725
73219
96493
10251
65432
20008
3884
67903
72457
90007
87560
87211
97935
48346
65723
70112
77763
63342
53516
83224
23440
72585
52777
26212
19816
77076
49722
72678
93942
46979
49701
53366
54929
16534
40548
23533
70166
43171
34539
56052
48550
42328
69255
95932
33382
55968
80563
33130
29110
36624
92972
58039
95236
81259
69502
22134
34479
39748
87638
95418
21353
71952
90353
99837
44216
67076
12263
63099
88375
37905
67920
73065
41396
78994
66269
19683
67989
98373
89359
19657
35726
33350
94165
83732
82086
23820
83488
73088
27953
33075
56997
80319
15364
34553
2073
66021
63896
13111
15878
63504
37786
31429
17595
6865
4010
71325
75057
54666
86939
81273
61812
8029
35594
58380
69953
16202
31636
13812
81770
41635
61299
37424
88895
77694
47895
36727
46955
8058
85235
24592
24620
47023
51507
29121
76665
23438
56384
24394
55645
25949
644
30939
30044
61886
52068
84846
54883
85959
46333
56090
46534
96090
61373
59068
62651
51402
20390
3655
82018
18815
12795
31600
34661
12092
95221
65114
49484
49512
72971
31852
58749
77532
67793
26506
9501
74481
17362
18779
90859
82725
60244
5080
33802
49440
21801
71207
99038
40998
98752
10420
65971
72577
69543
94038
85194
49147
27670
11195
81309
66210
7637
81941
44951
31779
34489
33103
6486
12169
15482
8103
70110
90180
57586
75285
38191
63573
82688
61926
13916
11218
19248
65281
64441
69146
30744
51122
52842
71715
86800
71942
40221
11195
6176
20714
87005
37153
99421
29956
34243
26173
88655
41806
33999
63272
74237
58027
70713
88692
20896
29463
40085
92691
80997
24925
9152
90572
61515
65522
1207
75522
65946
67816
60680
37546
62069
36499
78851
4644
51772
28504
83943
84319
89566
96016
42381
62088
72021
23197
38392
31311
3102
82168
91255
68106
34234
42429
92259
3135
128
97649
30750
19847
10863
34017
91537
8538
87243
97774
41587
62024
28696
72743
32509
48129
71867
11090
73947
8429
64098
70642
70631
59992
61213
99520
60254
99770
79396
57966
88276
42309
16191
90302
42346
48561
7597
3807
54690
73792
1375
2685
47422
91957
28593
82013
57891
11997
99568
21306
30164
33057
13595
18732
99696
54507
15355
83955
83867
86516
84891
3495
90269
91378
72588
20522
6415
87723
51202
95339
99005
15808
81098
35337
47503
7848
3429
22738
10664
92754
28723
41169
24456
60859
75194
59028
49008
82443
33439
12138
58041
21987
14453
11371
9342
22519
55124
88747
14648
15609
33005
81299
78651
61238
93911
99282
27754
99286
41650
82219
46215
28656
21051
65858
1975
44048
70261
21967
74201
7652
32368
77303
6028
72528
70677
78729
52672
87542
903
89372
91948
66263
26728
41725
75596
24122
88560
17970
33017
26861
55938
17908
82897
97790
82497
85743
56083
44278
16881
70201
90974
65736
38847
31301
4323
30376
33574
72203
65129
91509
41466
26733
9874
65019
66626
8228
6008
22129
57641
17231
20106
61927
90593
11823
59398
83754
8425
37020
59218
32710
527
4513
62069
44608
5461
40749
49942
43662
28898
45962
96941
78439
39277
64599
85779
6053
30792
44216
27296
92349
14676
21382
40100
13160
38924
54570
67689
59178
44107
85990
15675
2251
9805
15105
85875
48569
27588
95962
17312
75886
36170
20928
37905
55559
11208
27265
198
32020
15489
35703
68428
85929
14211
69965
1079
76669
52275
68823
361
1535
37852
95009
368
57230
62501
94982
64317
6389
42606
41621
86411
24869
41906
8957
90509
89800
47970
88327
76408
84254
53465
17267
52857
80580
69894
63118
61373
13456
79676
33028
35929
57712
6799
97791
53726
45449
12172
27166
47160
5210
16806
61073
50451
94376
16003
52179
14637
98571
85386
99130
71400
44743
10522
51933
16994
10338
19830
24244
63332
26588
35365
62612
91679
84188
15870
74883
74980
6803
84277
24033
97095
67376
89362
10590
23758
28366
66277
45156
46290
69625
27935
42404
35633
90447
6381
15275
8722
71245
93251
98760
82654
81507
54187
66048
20929
41567
35205
28388
3916
166
92040
88366
25771
85140
22043
66188
95011
23407
13715
99245
29144
73205
77989
19160
19137
81674
72335
32354
91779
13615
93036
8253
88624
50470
92280
45306
49996
33360
15015
82354
4119
67933
47958
43134
57399
1461
34189
11668
87115
28331
11096
43948
74592
87111
21985
40698
21132
63664
53349
94997
81643
90851
49020
850
37878
28543
14087
33959
78904
58682
34236
45254
27063
76621
80629
48350
17862
25244
62759
34235
83548
24866
46711
46878
83299
73779
47422
65762
59230
25970
89525
31548
27283
81294
53737
93009
80449
29862
36114
73403
73309
89239
40568
89758
11610
60924
70287
44893
95569
43296
23118
84968
48169
55526
23259
69321
20245
71131
7720
89887
27039
3464
31074
19928
92791
74467
53643
15692
77543
63625
39022
17983
55025
18724
67731
98704
79217
85137
808
66139
93547
9419
24047
45940
69709
94187
12493
35693
72681
64176
85696
24633
88446
62790
47194
73950
6444
92249
13707
51481
87785
65715
43234
61998
97745
66620
65630
7177
36567
47896
24743
89100
84775
11741
48469
97344
23617
83144
22281
1657
2063
22455
14907
33943
84360
82664
80859
88346
71916
38178
27940
62357
13626
69950
12205
67805
94932
17762
29962
23741
85658
17840
68847
50157
30283
68410
60083
55063
80395
45116
22928
36756
36613
50217
63399
18563
58128
25475
99251
67474
8114
51535
50666
94053
29368
47178
67140
85621
96247
55828
89636
32948
58765
26959
14800
92975
90036
85072
2423
16744
42636
12390
60284
11365
66080
65418
20411
1994
87978
8835
40399
81071
36510
21966
34056
53468
91526
20651
42697
90246
78810
66448
18242
79522
52894
27295
75857
10614
70646
2993
71169
26328
90175
39771
24337
94010
51493
73595
46845
18981
65142
61286
8672
7166
62270
90698
6758
94739
67826
66196
90317
99027
32474
96267
91259
96815
35158
77611
48147
22354
87831
63452
61957
63019
21174
9087
45930
99280
90956
76506
52970
65227
90268
18834
20794
31910
55019
51382
74707
25517
19260
19050
30105
46671
86467
79437
1675
31493
63512
74197
9334
73549
87054
901
82393
57691
97709
88183
55095
24964
48223
54233
37875
26138
16671
86903
70156
67756
6512
43666
25870
81106
71009
5063
50786
1359
90787
24635
40574
28223
1531
4904
37399
48570
50290
37835
91164
73161
37296
61014
58325
90464
20524
13581
46126
67555
35873
79523
33446
30158
73396
18508
17398
35789
65739
34164
14269
12541
95086
95254
88061
67105
61347
6630
98045
87048
39257
87555
69076
96431
95172
3963
40107
14768
70727
70938
37336
80455
74284
98627
56028
67958
87901
55719
38903
36170
75289
84208
70416
59477
3730
96584
54499
77452
95403
35032
26835
71879
37481
48317
32023
55507
15056
61612
76671
8660
95629
2310
80682
61459
26795
37654
88233
44034
42879
83114
65379
62955
72978
69693
93942
16370
35878
1267
31604
68078
35986
10889
71733
35351
64894
81244
16059
3390
2320
99549
73839
93219
90750
93012
93569
36861
90948
44853
69757
31110
26882
19621
74879
48113
75832
53010
51762
45885
34860
98764
1207
48343
66202
30019
75094
24703
39890
51613
63868
47691
75931
50126
81788
28991
94767
52323
56772
83361
80689
15598
44995
56974
4242
24128
7578
83805
3143
54688
74259
75202
87977
25829
88912
71921
61372
43773
91539
52954
5284
84926
10726
57913
98789
99309
38307
90635
95356
99070
76551
6419
3328
70498
93028
30961
70679
76644
99697
73592
22034
77594
28788
32888
60156
24840
32264
96907
11000
86794
7252
78285
7527
69589
91861
73543
58791
36510
65823
23578
46271
59611
60089
59776
78713
60252
41882
45332
758
49330
80506
66501
27041
88640
77850
1185
85714
28733
66081
32670
93621
1060
55314
69103
55898
72218
48098
98883
48887
4785
92347
50411
66531
80623
10397
68548
19323
46846
46065
65504
10333
85894
10850
30558
72611
40159
98887
32966
74232
16146
28041
91024
39570
53656
97620
44973
86856
9144
34957
92266
16004
69527
94678
84024
6792
27714
83694
84988
1168
3662
59828
15749
19440
13888
96901
14091
32444
84308
83600
2947
10306
56411
16300
75638
8716
40036
37507
39845
75186
98804
8069
6597
1341
75014
3001
98107
14792
89134
23528
79876
84802
8795
61740
7118
49355
26067
3279
71666
21051
81989
50462
26777
72073
85826
28866
11643
1536
48843
97304
63914
5073
27506
84879
54068
7058
33677
30844
84484
29890
89121
45180
89035
25722
77685
27847
54672
51360
75846
2566
87245
7560
31202
53651
3878
65274
20687
20600
61238
75033
3700
13263
17303
68610
61369
57889
97178
65970
29848
45367
22618
2847
82294
85537
87888
8209
2646
21224
93561
34607
6844
65351
77377
39610
59620
10758
82082
67527
53131
47225
14906
38289
91676
59411
94086
43824
59081
85580
13790
91927
90358
91577
92030
45961
9348
15002
84911
69421
60046
6346
26640
75814
194
82920
71146
54947
82271
86463
15970
44760
23796
16992
81488
90905
94887
24643
41392
11508
17210
56155
44864
38182
51976
74982
64344
83796
79005
99402
68031
6925
96282
9665
57002
25055
94696
47881
15414
50686
97218
334
9945
95313
97202
66337
30637
32210
17278
13642
24898
47200
38968
83092
87587
36510
39945
76981
39269
40475
73516
26387
2488
31236
67263
24532
32541
50472
57609
43067
20134
64446
6852
21205
10030
4892
66154
18610
44215
9807
30788
448
52715
39270
99752
86248
11909
5889
35668
97094
96279
84791
23075
92605
20568
36818
84423
8533
87657
31427
33119
23947
53391
41284
43444
68900
37717
10756
29712
97739
8903
20659
56663
943
41548
19896
7431
87373
22462
84054
51928
8932
67605
18023
34044
20331
31388
25634
18127
23605
26849
81122
13131
73324
57334
24645
66390
5351
24521
83322
85405
4680
66576
1867
7631
55648
79287
8274
20236
89028
40234
44904
71763
94015
28645
99646
553
7984
7544
12609
14289
48758
16338
97214
4559
66598
91459
97219
96102
93532
62544
69634
36035
71444
86048
31509
84897
37613
45809
43479
40254
79238
88475
20310
8742
72549
88720
26240
41761
1019
65057
55690
84463
93553
84973
38259
26494
64434
24711
21413
89855
45041
97335
99208
61962
69933
56952
90474
54137
21219
5345
22554
57071
67523
75135
56444
19832
50929
10624
46917
58970
78424
52403
76076
81910
68494
24966
75078
98629
2152
26170
28164
7604
50138
78993
86764
50768
41909
54444
44547
37933
75404
91325
96046
68562
12512
29371
90805
30831
13114
77095
44113
9610
65242
76397
7799
58029
87688
22334
74348
19845
20073
76469
93526
33149
31470
68534
72479
87371
78160
65693
48455
47566
24750
58231
85981
53997
94349
60287
57566
39110
86158
41425
11133
15225
64757
42136
84691
54265
94447
23681
77584
58189
42452
3741
51377
64426
75624
6344
88324
32143
81021
20459
60317
34315
51618
44351
16210
39796
39098
77224
62596
48255
94849
10393
12971
98784
53608
71073
65519
26489
41985
7532
68444
71498
23005
4590
76082
9306
26864
61925
41320
99558
22932
8192
8237
2401
28703
92852
32043
81284
90492
77113
12576
8455
94669
93288
64267
75319
74873
29759
82295
39733
51899
42409
92231
28144
96076
89875
45458
82466
63822
35505
15902
30710
72621
23579
65320
56988
19103
89019
71089
6578
6400
37486
63954
47367
44686
82058
54695
18155
30936
36397
45247
83629
25352
63335
52173
57676
68478
62087
20397
92982
51930
24011
38469
18507
51091
81554
49008
68154
92259
69009
78887
93750
94196
13681
19052
18588
53688
68246
50270
10443
36952
8708
29169
2172
70409
26218
92409
22834
48586
8841
83731
24933
93766
5069
84889
65975
53796
23652
91757
82414
98097
28156
216
29151
65481
98626
24612
47866
65347
95477
40809
99317
93414
65302
30818
62403
60397
20220
38768
40625
29933
66540
72292
28309
75535
84065
60252
77310
19454
895
57062
26824
47115
65367
52803
63507
46032
62070
63059
53317
42852
9607
42611
30364
6246
26728
5374
39425
22513
30286
14159
2890
29828
88329
77199
98710
29952
2289
53166
97158
28248
29889
35968
2422
19820
69265
32579
78356
67443
78983
10727
62205
95553
65506
24227
74749
51318
91547
5402
29854
2110
93100
49349
97126
4034
49837
41787
89912
23376
81148
52721
11602
34994
16501
49205
11275
85644
44497
10302
8007
11676
48373
79154
85862
77621
92031
97809
2493
38404
85237
67865
91383
31832
22582
58291
16916
68346
29959
13455
68233
63177
43345
46615
5336
80301
34329
60241
46712
89662
16112
75412
14036
36893
96581
49179
55401
82342
53275
49277
34865
50635
92402
30699
39351
24854
11984
7445
42499
6894
95280
252
15227
85445
19411
4963
94256
98357
11512
75984
66196
14877
42845
24221
28505
72776
5678
1090
14027
29048
90859
43756
88306
95046
44682
88447
18871
15133
48163
33088
57754
85200
35647
45850
66914
25469
91272
98826
34960
42437
10591
19086
47674
31714
67411
75595
101
89613
8099
17712
85367
49446
78519
73986
56475
32520
68527
11332
21032
85154
35944
47771
14600
43382
75560
17538
20936
13398
54110
70889
39054
69963
95784
26488
12657
52037
19828
52397
87910
51104
66011
61298
8106
14523
77947
28438
42715
88354
52883
14622
7574
66651
75460
44505
60401
34487
60346
72040
55849
45208
53165
26379
11345
69210
1712
4451
45840
5009
92624
28224
95528
68106
86239
7890
26392
4890
45519
64567
39451
39169
99535
50906
31464
29984
70053
90105
51661
42346
99721
16121
30021
79621
9483
73817
75049
51131
49098
11415
64959
36987
67054
98572
85178
22728
94584
12510
3281
79154
44801
95039
9055
30878
38468
37955
83581
35275
86720
54543
18810
93690
18312
75719
89966
85128
84129
21282
71106
23795
72476
56504
21983
24036
2513
28849
19902
75859
42551
93306
60960
33157
68687
67835
30517
31588
62487
66818
39369
82310
20050
7242
64748
79853
64778
86393
78345
35404
75955
49450
77220
48851
36398
45610
83172
2436
89508
42841
94252
39087
39857
69718
98172
71499
84161
85695
35600
82754
66713
81231
630
97709
65743
80809
87779
22927
63298
6809
39002
57614
41581
84995
7483
74379
22907
42032
62354
49330
63909
31320
59589
83635
6075
97495
93808
415
38524
58510
68094
35923
29919
25516
70616
14540
5003
56425
26440
24350
16049
60660
32087
293
13133
36047
9991
77914
86825
78463
32575
62405
589
68087
88696
86796
96169
49630
80724
16425
2561
81881
99330
42671
64511